NP-07 1958
row may  jun  oct  nov
    (04) (02) (01) (02)
001 10   21   08   34
002 38   10   12   31
003 42   27   21   30
004 38   13   41   19
005 28   25   22   10
006 10   22   17   39
007 26   50   09   12
008 34   08   26   32
009 30   12   22   19
010 29   23   28   16
011 22   14   20   22
012 29   26   09   21
013 20   20   25   19
014 19   21   30   22
015 15   35   15   07
016 10   18   11   32
017 13   10   07   21
018 34   22   33   35
019 18   47   08   43
020 14   27   08   55
021 44   11   25   03
022 24   12   19   03
023 37   14   18   03
024 19   29   40   24
025 35   15   12   37
026 22   15   06   19
027 25   17   25   38
028 42   20   10   18
029 37   18   41   13
030 36   28   11   15
031 40   29   12   18
032 18   22   28   08
033 33   18   07   06
034 34   30   16   29
035 38   21   20   17
036 21   18   07   27
037 20   18   28   37
038 32   20   06   32
039 27   15   20   30
040 08   25   10   30
041 35   44   33   06
042 33   26   22   05
043 20   33   49   05
044 28   49   08   06
045 20   38   33   06
046 31   47   43   11
047 26   28   11   06
048 32   37   20   25
049 22   22   27   15
050 42   22   08   33
051 37   12   06   30
052 41   45   21   39
053 39   29   43   28
054 15   20   20   29
055 17   29   23   21
056 11   30   11   24
057 44   31   15   15
058 60   18   30   28
059 58   15   26   10
060 60   38   15   04
061 69   44   15   24
062 59   10   12   34
063 16   32   10   20
064 34   20   34   12
065 42   12   20   15
066 24   30   34   28
067 34   29   24   36
068 28   16   08   28
069 08   38   16   22
070 17   28   30   26
071 14   30   30   15
072 14   18   22   14
073 20   31   19   46
074 18   26   29   26
075 24   31   30   11
076 26   23   28   21
077 15   31   06   20
078 13   19   28   18
079 26   27   07   28
080 12   29   21   31
081 14   12   09   19
082 11   33   15   39
083 24   30   39   24
084 22   29   30   11
085 11   30   24   17
086 23   13   11   21
087 39   26   10   38
088 16   25   24   18
089 09   28   22   37
090 27   28   15   30
091 09   25   07   28
092 27   12   27   44
093 43   24   09   21
094 30   29   22   35
095 26   20   09   32
096 35   42   12   30
097 14   27   22   27
098 35   40   23   06
099 29   41   20   19
100 31   34   38   36
