NP-08 1961
row jun  sep  oct  nov
    (01) (30) (31) (30)
001 33   29   20   28
002 13   29   37   15
003 33   18   15   12
004 34   22   21   28
005 48   17   27   42
006 08   20   43   13
007 35   35   18   14
008 45   16   26   16
009 45   17   23   25
010 22   16   14   24
011 13   16   23   12
012 35   22   31   35
013 22   18   12   18
014 24   25   28   35
015 20   31   17   34
016 28   33   19   18
017 08   10   18   10
018 14   21   18   33
019 23   20   12   15
020 32   18   33   31
021 30   16   15   19
022 28   08   17   19
023 20   24   28   13
024 20   06   26   26
025 34   11   23   11
026 36   24   24   16
027 14   06   12   22
028 15   17   29   16
029 00   28   34   10
030 18   09   25   23
031 10   28   23   30
032 24   14   18   13
033 23   15   12   20
034 36   25   15   21
035 22   07   24   28
036 23   15   20   22
037 20   21   18   16
038 25   19   16   22
039 07   29   15   33
040 05   18   25   26
041 14   23   19   16
042 07   28   09   14
043 15   21   25   22
044 26   25   16   10
045 33   23   10   20
046 32   16   23   03
047 48   15   22   38
048 25   23   23   11
049 42   28   17   15
050 28   19   10   19
051 23   16   05   23
052 16   07   06   15
053 36   20   09   28
054 27   30   20   25
055 32   23   18   20
056 04   13   25   15
057 13   21   10   36
058 03   18   22   11
059 17   28   31   30
060 14   21   20   15
061 02   13   18   12
062 16   19   33   17
063 49   19   22   23
064 19   30   33   16
065 15   18   42   25
066 40   16   10   16
067 57   07   30   15
068 23   18   10   23
069 25   16   10   33
070 21   19   15   15
071 33   28   35   19
072 52   12   32   14
073 45   17   20   10
074 38   25   23   15
075 08   21   14   22
076 00   05   15   19
077 13   16   15   34
078 29   21   26   10
079 10   16   31   23
080 19   32   21   13
081 02   30   20   26
082 14   05   21   21
083 17   14   30   13
084 01   18   23   25
085 24   21   15   43
086 26   14   28   38
087 32   16   15   63
088 03   16   36   34
089 42   11   37   18
090 20   18   18   13
091 25   16   36   38
092 19   33   31   25
093 33   30   17   24
094 24   19   22   26
095 20   15   15   30
096 13   18   48   16
097 05   05   30   31
098 41   22   32   20
099 16   19   17   15
100 27   20   14   18
