NP-07 1957
row jun  sep  oct  nov  dec
    (30) (30) (31) (25) (29)
001 15   05   16   15   27
002 28   10   30   25   26
003 33   14   15   12   22
004 20   24   22   17   08
005 28   10   16   28   10
006 28   10   09   10   17
007 30   24   14   27   15
008 15   23   18   16   18
009 15   14   19   27   24
010 28   15   22   17   16
011 22   13   20   15   18
012 05   10   13   17   31
013 08   19   20   30   30
014 19   22   29   22   18
015 17   24   15   28   19
016 12   20   07   06   14
017 32   18   16   09   29
018 12   34   02   13   23
019 36   23   14   39   15
020 29   28   02   27   20
021 34   08   14   21   16
022 39   18   26   08   29
023 54   19   10   18   30
024 49   12   22   14   33
025 56   13   14   30   21
026 30   12   27   20   32
027 32   06   15   12   12
028 44   16   10   11   17
029 29   18   07   20   16
030 30   13   04   27   16
031 17   19   08   12   15
032 14   17   21   10   11
033 14   13   13   12   19
034 34   06   12   12   17
035 25   13   24   14   10
036 11   11   10   07   06
037 35   11   07   29   10
038 29   16   09   28   27
039 17   15   11   10   12
040 17   12   18   40   15
041 21   11   22   23   23
042 34   10   23   27   10
043 20   21   26   20   15
044 32   16   30   22   26
045 37   13   24   19   16
046 31   13   13   17   22
047 29   12   18   14   16
048 23   20   09   14   17
049 40   11   10   10   12
050 32   10   28   15   26
