NP-18 1970
row may  oct  nov  dec
    (20) (20) (20) (20)
001 60   38   45   41
002 02   27   11   12
003 15   13   18   15
004 15   29   17   26
005 38   34   46   39
006 28   21   16   13
007 41   29   20   14
008 24   17   21   20
009 41   24   23   04
010 17   15   18   17
011 13   21   21   19
012 20   27   18   14
013 10   19   06   20
014 18   23   09   23
015 40   31   23   25
016 25   28   07   10
017 20   19   09   05
018 02   23   10   30
019 08   13   09   45
020 27   28   07   24
021 55   25   06   10
022 30   19   27   32
023 34   16   15   26
024 04   24   26   24
025 35   27   21   23
026 10   23   20   31
027 40   28   23   14
028 13   10   48   16
029 08   19   33   02
030 05   21   22   10
031 08   17   08   06
032 30   24   11   04
033 06   32   26   08
034 04   48   36   35
035 02   13   06   26
036 20   21   41   40
037 50   14   07   08
038 23   23   09   07
039 30   17   06   10
040 07   29   07   07
041 19   15   06   11
042 29   21   27   15
043 35   28   17   34
044 36   19   18   17
045 34   27   04   43
046 22   31   21   16
047 15   11   25   18
048 16   28   09   13
049 68   19   09   21
050 08   23   07   17
051 -99  24   17   21
052 -99  27   06   11
053 -99  21   12   21
054 -99  19   17   19
055 -99  13   12   31
056 -99  21   14   27
057 -99  29   17   13
058 -99  18   25   14
059 -99  21   14   19
060 -99  25   13   21
061 -99  21   25   16
062 -99  29   14   20
063 -99  17   16   35
064 -99  23   15   11
065 -99  19   17   24
066 -99  25   05   19
067 -99  16   08   11
068 -99  21   13   17
069 -99  20   13   21
070 -99  27   26   13
071 -99  25   05   21
072 -99  19   07   32
073 -99  28   12   17
074 -99  21   08   41
075 -99  29   07   36
076 -99  09   06   27
077 -99  14   19   19
078 -99  21   11   24
079 -99  19   09   19
080 -99  23   09   40
081 -99  27   13   24
082 -99  21   57   30
083 -99  25   15   19
084 -99  15   10   13
085 -99  13   12   29
086 -99  19   07   23
087 -99  25   08   14
088 -99  24   13   22
089 -99  17   14   31
090 -99  21   07   27
091 -99  24   12   19
092 -99  29   06   21
093 -99  20   14   34
094 -99  23   07   17
095 -99  18   23   13
096 -99  24   08   08
097 -99  28   14   11
098 -99  15   15   19
099 -99  24   27   13
100 -99  21   10   15
