NP-18 1968
row nov
    (23)
001 12
002 00
003 00
004 05
005 02
006 00
007 20
008 03
009 00
010 04
011 00
012 11
013 00
014 28
015 02
016 16
017 35
018 00
019 00
020 02
021 04
022 36
023 00
024 00
025 49
026 00
027 05
028 20
029 39
030 00
031 00
032 72
033 06
034 74
035 00
036 00
037 00
038 06
039 00
040 00
041 23
042 05
043 00
044 00
045 00
046 03
047 37
048 07
049 00
050 06
051 26
052 14
053 43
054 55
055 00
056 00
057 18
058 06
059 00
060 02
061 12
062 00
063 02
064 00
065 00
066 04
067 13
068 22
069 00
070 03
071 00
072 00
073 03
074 06
075 00
076 02
077 07
078 04
079 63
080 00
081 00
082 22
083 00
084 09
085 00
086 00
087 01
088 34
089 00
090 91
091 00
092 00
093 19
094 00
095 00
096 08
097 00
098 05
099 00
100 49
