NP-18 1971
row jan  feb  mar  may
    (20) (20) (20) (24)
001 49   57   61   45
002 17   23   08   12
003 23   19   17   34
004 19   31   40   78
005 33   24   19   80
006 25   13   08   14
007 17   25   12   20
008 21   27   17   32
009 14   31   33   59
010 25   22   41   38
011 13   29   43   28
012 21   34   25   47
013 29   15   37   60
014 20   21   17   26
015 27   24   39   45
016 17   29   25   13
017 09   22   47   43
018 31   17   47   44
019 51   28   54   42
020 21   25   36   17
021 15   33   17   25
022 30   24   23   23
023 24   19   12   65
024 29   27   30   12
025 28   21   53   23
026 30   34   36   28
027 17   31   45   50
028 13   13   58   51
029 09   05   31   21
030 17   11   24   49
031 08   18   39   29
032 03   23   46   53
033 13   29   58   10
034 31   34   16   58
035 29   35   08   35
036 35   31   17   35
037 19   22   23   32
038 13   14   19   45
039 21   13   31   30
040 15   08   21   22
041 17   15   12   09
042 22   21   03   32
043 37   29   15   31
044 19   38   27   22
045 39   39   34   30
046 13   34   51   31
047 24   33   19   43
048 19   31   26   33
049 17   27   31   35
050 19   25   37   20
051 24   23   19   55
052 13   19   24   24
053 17   27   37   20
054 26   28   25   33
055 29   31   37   26
056 34   33   43   20
057 18   37   51   12
058 21   29   42   12
059 16   31   34   32
060 23   28   25   43
061 19   19   19   46
062 24   17   28   65
063 29   11   17   41
064 17   05   29   45
065 19   07   38   21
066 24   19   17   20
067 14   21   48   35
068 11   29   44   39
069 27   47   21   38
070 14   41   29   43
071 23   43   33   38
072 35   59   37   32
073 21   34   31   31
074 47   27   35   21
075 31   31   29   15
076 24   34   17   11
077 16   21   13   18
078 25   17   21   33
079 16   15   11   25
080 37   21   16   47
081 19   25   20   44
082 28   19   27   43
083 15   14   19   24
084 19   21   34   43
085 28   28   41   11
086 25   25   19   32
087 19   23   25   13
088 27   13   27   31
089 19   21   31   21
090 31   19   23   45
091 25   15   29   20
092 24   27   34   31
093 29   31   30   40
094 20   29   19   14
095 17   35   27   49
096 11   41   15   18
097 13   30   24   25
098 12   27   29   27
099 24   21   21   23
100 24   15   28   42
