NP-15 1966
row may  jun  sep  oct  nov  dec
    (22) (25) (30) (27) (23) (21)
001 036  013  18   38   67   21
002 039  070  12   19   27   06
003 030  122  12   21   30   58
004 041  072  15   17   36   33
005 036  058  15   17   37   00
006 022  047  23   28   30   30
007 021  019  12   29   18   26
008 033  043  12   31   16   17
009 035  014  13   30   00   12
010 029  033  16   21   25   33
011 038  040  21   09   18   22
012 042  035  16   27   01   30
013 017  069  17   32   10   31
014 090  042  12   21   17   22
015 087  026  17   20   17   20
016 057  072  14   27   40   12
017 040  047  23   19   19   25
018 031  050  14   10   25   22
019 043  046  22   19   18   30
020 031  044  11   20   10   11
021 045  018  21   17   17   31
022 035  061  09   22   08   36
023 025  078  13   15   15   05
024 041  000  19   23   14   27
025 041  070  12   26   21   20
026 015  070  12   22   28   32
027 028  015  14   14   36   19
028 044  007  13   26   43   12
029 014  057  13   25   21   38
030 022  038  14   29   30   27
031 019  042  11   32   24   26
032 032  047  19   35   45   28
033 005  038  15   26   24   27
034 030  045  21   29   00   20
035 040  038  25   25   08   27
036 025  032  20   11   12   13
037 017  050  26   25   12   16
038 040  070  18   13   19   61
039 025  042  15   33   22   36
040 022  046  12   16   17   29
041 035  036  19   31   06   34
042 040  030  20   30   10   23
043 066  055  18   32   05   00
044 022  078  23   32   18   18
045 052  066  19   22   23   23
046 029  069  22   26   20   16
047 028  038  18   33   00   10
048 007  036  21   26   10   45
049 021  032  14   33   03   12
050 024  033  11   18   35   21
051 046  030  12   28   24   32
052 000  060  16   20   34   30
053 130  066  18   25   20   11
054 020  042  21   33   02   07
055 025  030  20   28   13   11
056 000  035  15   19   07   23
057 029  036  25   26   18   13
058 025  046  12   18   23   21
059 017  026  25   21   30   24
060 028  058  23   22   10   15
061 011  045  12   34   13   14
062 050  044  12   20   13   16
063 032  055  17   08   05   44
064 015  039  14   18   15   15
065 017  025  16   16   10   27
066 039  048  25   29   18   11
067 019  028  14   08   29   30
068 048  053  26   19   09   22
069 035  035  11   29   19   18
070 015  061  17   08   08   22
071 021  006  23   26   07   29
072 017  065  15   16   09   16
073 041  063  12   22   11   38
074 032  032  15   16   31   16
075 030  050  15   15   11   16
076 017  002  17   08   34   17
077 038  025  13   26   28   30
078 031  063  24   34   11   27
079 015  085  13   19   09   11
080 019  070  13   35   08   45
081 038  065  23   19   38   31
082 000  067  16   22   19   27
083 016  041  26   19   06   29
084 015  008  20   32   42   02
085 040  055  16   41   20   40
086 060  095  18   22   02   26
087 066  045  18   24   16   16
088 058  050  13   31   22   12
089 023  070  13   31   01   20
090 040  040  20   40   02   14
091 031  025  12   32   20   02
092 037  040  22   33   26   21
093 029  032  15   23   06   49
094 041  050  16   16   34   22
095 023  036  12   19   35   27
096 033  035  12   30   27   20
097 033  060  22   29   33   15
098 032  077  16   25   05   20
099 040  055  18   25   38   17
100 038  035  15   30   04   08
