NP-12 1964
row jan  feb  mar  may  sep  dec
    (31) (29) (30) (02) (30) (31)
001 61   61   65   52   20   21
002 68   69   66   30   22   28
003 30   32   35   36   23   27
004 13   12   53   40   13   25
005 24   27   10   33   18   23
006 51   53   26   52   14   34
007 30   35   59   48   10   19
008 24   26   20   28   16   41
009 31   30   31   23   17   33
010 17   20   19   10   27   31
011 29   31   27   27   10   27
012 09   08   06   19   17   33
013 51   53   48   49   08   60
014 30   37   50   10   24   37
015 48   50   33   28   23   18
016 68   76   80   24   27   27
017 27   24   22   15   06   23
018 28   26   23   13   08   25
019 20   24   28   32   12   24
020 20   18   23   11   09   25
021 21   25   30   25   41   40
022 30   38   18   16   18   38
023 53   58   62   34   08   31
024 37   33   30   20   30   27
025 52   53   39   27   22   24
026 30   35   49   33   22   28
027 40   36   50   26   08   31
028 40   43   40   45   12   26
029 21   20   45   43   27   36
030 31   40   19   06   36   21
031 44   46   49   24   40   25
032 18   22   18   11   25   23
033 65   76   25   51   20   36
034 12   10   83   06   06   28
035 32   35   40   16   22   30
036 12   07   12   23   15   31
037 52   63   51   22   13   29
038 60   57   60   39   24   32
039 33   37   40   19   25   39
040 27   22   20   30   26   21
041 10   12   18   33   31   22
042 30   34   25   14   18   28
043 33   30   35   42   24   28
044 30   33   40   34   05   36
045 40   35   31   47   16   32
046 10   13   25   09   17   14
047 47   59   46   24   26   25
048 28   23   40   27   21   14
049 26   21   30   25   21   22
050 12   17   15   24   05   19
051 34   13   35   25   37   26
052 08   10   13   65   28   27
053 30   35   35   23   10   41
054 30   06   05   41   07   33
055 05   39   10   07   17   25
056 16   13   50   15   07   30
057 35   38   26   32   21   20
058 12   19   34   21   20   15
059 19   16   20   15   15   24
060 17   21   12   33   07   33
061 55   47   26   33   16   32
062 39   54   65   44   17   32
063 31   33   57   25   27   20
064 35   31   40   23   25   23
065 14   15   21   40   20   42
066 32   37   16   40   34   25
067 20   23   22   57   32   42
068 10   09   39   47   38   26
069 30   36   20   37   35   30
070 31   34   12   33   11   21
071 30   25   35   33   30   21
072 16   11   15   50   10   27
073 12   54   65   42   14   41
074 45   46   60   28   39   39
075 40   34   22   18   11   22
076 33   22   45   28   30   44
077 24   42   25   12   17   19
078 38   37   30   08   10   30
079 30   28   18   09   13   17
080 27   18   07   08   20   19
081 17   11   19   44   17   13
082 15   66   12   36   33   31
083 65   18   78   33   07   32
084 12   19   20   29   22   23
085 35   32   16   19   17   39
086 58   08   35   32   35   35
087 07   64   05   27   25   45
088 78   76   67   37   09   21
089 38   53   70   13   20   15
090 49   37   33   29   33   22
091 43   39   40   07   25   21
092 30   38   42   28   16   24
093 67   72   65   47   15   26
094 17   16   30   44   30   26
095 30   34   18   32   29   45
096 19   27   26   28   30   30
097 33   67   58   35   28   26
098 70   28   30   26   23   35
099 30   30   30   24   30   20
100 39   48   47   13   29   23
