NP-19 1972
row jan  feb  may
    (03) (02) (20)
001 55   068  10
002 30   050  12
003 33   048  01
004 20   052  46
005 48   021  02
006 30   020  20
007 07   032  33
008 28   030  37
009 40   038  28
010 48   040  25
011 42   047  49
012 28   018  10
013 35   033  03
014 17   040  37
015 45   037  01
016 17   032  23
017 10   034  25
018 20   040  23
019 33   049  01
020 38   008  13
021 25   028  18
022 03   015  01
023 05   005  28
024 08   040  05
025 38   020  14
026 13   005  38
027 40   050  14
028 08   024  17
029 20   051  26
030 15   025  29
031 38   030  33
032 08   023  38
033 15   044  11
034 08   054  09
035 10   057  26
036 40   038  33
037 38   028  16
038 26   012  03
039 21   017  21
040 25   050  25
041 23   045  28
042 15   015  33
043 28   035  12
044 34   020  13
045 32   015  21
046 31   030  30
047 10   020  48
048 13   067  08
049 20   034  14
050 28   012  15
051 23   020  45
052 43   040  33
053 75   008  18
054 43   040  05
055 55   025  19
056 18   020  21
057 40   015  02
058 20   020  13
059 05   020  34
060 09   029  26
061 40   026  43
062 10   030  24
063 27   031  04
064 14   032  01
065 14   034  43
066 07   043  06
067 07   025  33
068 20   034  02
069 18   045  14
070 15   032  29
071 17   037  07
072 08   040  16
073 10   090  18
074 70   071  32
075 76   084  14
076 92   013  35
077 58   028  37
078 15   032  19
079 10   048  09
080 12   040  27
081 15   022  12
082 32   120  04
083 90   075  09
084 80   038  12
085 13   023  16
086 24   019  29
087 10   030  07
088 18   035  16
089 18   025  39
090 29   035  53
091 32   035  27
092 03   020  02
093 04   020  08
094 03   030  29
095 05   028  43
096 21   030  45
097 14   018  17
098 10   080  19
099 38   090  28
100 47   062  22
