NP-11 1963
row jan  feb  mar
    (02) (01) (31)
001 40   09   04
002 24   41   10
003 22   32   38
004 47   28   39
005 41   27   34
006 38   18   24
007 19   35   04
008 08   14   35
009 51   34   41
010 29   31   31
011 26   34   02
012 07   39   18
013 39   17   36
014 36   30   43
015 25   23   29
016 50   28   21
017 29   13   43
018 14   41   27
019 21   10   21
020 10   18   18
021 29   06   19
022 19   13   30
023 23   08   01
024 41   14   01
025 01   28   23
026 27   17   44
027 39   20   63
028 10   25   34
029 07   32   43
030 15   50   23
031 38   48   44
032 39   56   40
033 42   32   07
034 04   03   02
035 51   45   02
036 58   09   28
037 05   39   19
038 17   21   01
039 39   26   20
040 27   25   16
041 12   10   33
042 21   42   27
043 07   19   40
044 26   39   21
045 31   26   29
046 51   14   20
047 27   02   35
048 48   12   18
049 47   19   19
050 33   05   21
051 28   01   39
052 23   31   45
053 09   20   35
054 06   30   30
055 03   05   15
056 37   08   40
057 07   01   39
058 08   17   22
059 12   20   10
060 09   35   36
061 07   58   25
062 30   65   15
063 51   25   02
064 18   19   38
065 08   15   51
066 03   42   51
067 39   40   46
068 02   37   38
069 32   21   48
070 36   13   20
071 35   14   16
072 45   39   49
073 39   27   58
074 40   31   18
075 02   38   16
076 15   29   01
077 22   01   04
078 35   04   17
079 32   31   15
080 25   23   43
081 13   21   01
082 25   29   17
083 08   28   05
084 37   37   35
085 39   31   23
086 13   30   30
087 24   29   38
088 03   04   37
089 28   31   05
090 08   14   37
091 25   01   10
092 22   10   31
093 14   18   39
094 15   47   01
095 35   11   18
096 22   10   15
097 08   29   39
098 12   21   39
099 19   25   35
100 16   05   24
