NP-11 1962
row aug  sep  oct  nov
    (31) (30) (29) (30)
001 04   11   20   60
002 15   07   38   55
003 04   19   03   24
004 04   14   34   26
005 17   16   14   36
006 11   05   18   21
007 04   12   05   02
008 11   07   05   11
009 11   06   20   10
010 06   15   06   15
011 05   13   11   16
012 06   15   17   25
013 07   12   18   23
014 07   05   13   12
015 05   20   06   02
016 08   17   24   03
017 07   13   17   26
018 11   11   16   35
019 21   35   11   34
020 07   16   12   08
021 07   14   18   12
022 05   07   05   11
023 08   17   04   49
024 07   15   10   19
025 12   18   36   42
026 09   09   51   24
027 11   11   31   55
028 08   08   10   54
029 10   15   06   42
030 08   14   17   20
031 06   19   06   22
032 07   07   20   13
033 04   05   23   31
034 11   09   11   04
035 11   16   18   05
036 13   20   18   09
037 16   23   15   34
038 10   11   18   38
039 12   07   18   29
040 06   06   12   18
041 07   13   21   12
042 10   19   11   16
043 10   20   19   23
044 10   23   12   37
045 07   15   06   48
046 05   06   16   01
047 06   10   17   09
048 04   13   40   10
049 03   17   22   07
050 05   12   19   31
051 04   08   22   29
052 08   10   29   14
053 09   14   14   31
054 10   06   13   48
055 08   22   09   25
056 08   16   25   43
057 10   25   25   26
058 14   17   05   22
059 06   16   11   04
060 08   09   23   15
061 09   07   10   22
062 07   15   13   41
063 07   21   05   33
064 06   16   06   36
065 10   27   09   47
066 12   31   27   01
067 14   17   17   06
068 14   14   25   22
069 09   20   28   60
070 08   15   07   94
071 09   16   09   19
072 11   18   03   36
073 07   07   04   30
074 14   09   04   23
075 07   15   05   07
076 15   11   08   14
077 11   09   24   09
078 12   17   08   34
079 06   19   07   38
080 09   23   26   73
081 16   19   27   13
082 11   15   12   19
083 13   17   08   08
084 07   10   16   01
085 06   15   21   54
086 08   12   21   33
087 07   14   12   39
088 19   24   10   20
089 07   16   07   22
090 13   20   13   20
091 11   19   15   18
092 14   20   14   39
093 10   25   35   32
094 10   19   30   36
095 08   18   15   33
096 11   11   09   38
097 09   09   06   40
098 05   11   08   38
099 08   14   20   21
100 14   17   08   10
