NP-20 1971
row jan  feb  mar  apr  may  sep  oct  nov  dec
    (18) (22) (20) (20) (20) (20) (20) (20) (20)
001 33   39   41   60   55   16   12   17   18
002 36   37   36   41   53   12   32   19   20
003 06   16   20   32   52   20   16   27   30
004 29   36   78   37   28   09   24   42   42
005 49   24   25   41   23   23   18   17   15
006 16   48   53   40   31   17   17   25   24
007 43   53   48   26   45   14   20   21   22
008 48   54   50   39   34   19   25   22   21
009 36   39   05   35   45   20   19   25   24
010 03   05   44   36   40   21   23   32   30
011 33   38   40   29   36   18   27   38   42
012 24   26   28   49   18   32   19   21   23
013 34   44   44   42   31   29   26   32   31
014 36   38   44   46   37   20   21   27   32
015 30   36   38   26   37   21   32   31   37
016 49   57   60   35   40   45   25   40   30
017 28   30   31   32   25   24   29   36   44
018 26   28   30   38   66   32   41   32   35
019 18   26   26   36   38   30   36   37   35
020 11   16   22   32   42   12   37   36   36
021 19   26   24   41   32   12   30   32   35
022 36   40   44   37   29   21   30   47   51
023 47   53   55   46   41   05   31   16   19
024 37   39   41   43   28   12   18   31   28
025 25   26   27   51   26   36   27   22   20
026 40   51   54   47   17   22   11   39   41
027 17   24   26   49   33   44   33   20   25
028 15   03   29   51   22   31   36   12   15
029 18   28   04   34   24   26   22   40   34
030 33   35   39   38   27   25   21   31   33
031 38   52   53   28   29   15   26   42   47
032 27   17   18   34   33   09   31   31   44
033 32   40   42   39   30   12   32   17   26
034 35   44   33   38   42   40   36   35   30
035 29   31   44   46   31   43   31   41   34
036 30   35   36   50   27   11   20   20   31
037 41   33   34   44   40   16   12   14   20
038 29   34   36   45   29   19   46   26   19
039 26   29   28   32   32   12   40   20   15
040 34   36   39   37   30   15   43   31   23
041 39   45   46   38   34   17   34   31   28
042 42   46   47   52   55   20   30   27   29
043 36   42   40   37   61   19   12   16   25
044 38   44   47   44   38   04   25   18   15
045 44   51   53   35   52   16   18   21   17
046 06   12   14   29   46   18   14   22   14
047 45   55   54   33   25   31   23   30   22
048 36   03   04   36   28   16   26   28   31
049 21   29   28   28   37   20   18   22   30
050 29   35   37   28   34   21   17   21   24
051 26   29   31   30   38   19   20   14   26
052 48   49   39   26   31   33   14   17   18
053 37   45   59   50   44   27   16   18   13
054 24   34   33   37   40   24   33   15   14
055 35   41   42   29   39   25   30   22   18
056 30   36   40   32   47   12   52   20   27
057 40   44   42   38   42   04   48   25   23
058 16   24   26   35   39   08   20   19   25
059 17   26   41   39   41   16   27   19   21
060 39   39   27   38   37   19   25   22   23
061 38   44   45   44   30   13   18   25   25
062 41   48   49   38   22   11   29   26   29
063 26   30   32   40   25   34   32   34   30
064 44   50   51   46   28   39   46   44   38
065 41   47   46   38   32   28   18   50   52
066 23   29   33   44   24   19   22   42   51
067 26   30   32   37   33   25   19   39   49
068 38   42   41   28   42   13   31   35   44
069 36   44   47   34   35   10   24   31   33
070 33   35   37   35   31   13   13   34   37
071 45   49   51   39   32   09   15   31   36
072 36   44   42   36   36   05   27   33   35
073 39   55   63   41   47   07   39   29   33
074 20   20   18   45   62   18   25   20   34
075 14   16   20   44   54   24   33   14   29
076 40   46   47   49   31   28   34   21   19
077 42   48   50   38   38   17   22   25   25
078 15   19   17   35   36   27   19   29   24
079 29   29   32   42   46   31   37   35   38
080 38   47   49   37   41   26   34   42   38
081 26   30   26   39   43   23   30   40   35
082 36   40   49   43   46   20   28   36   47
083 19   19   21   32   34   29   34   32   44
084 05   05   07   36   28   22   18   29   40
085 39   49   48   38   19   12   30   35   45
086 48   58   60   33   23   14   54   41   47
087 42   46   49   35   40   25   18   36   39
088 24   28   27   31   40   10   47   30   31
089 40   46   49   44   32   17   30   22   30
090 49   55   57   41   33   20   29   18   27
091 32   38   36   36   28   16   22   18   14
092 26   32   38   34   24   29   16   22   20
093 38   44   45   42   48   44   45   27   24
094 44   49   51   38   49   35   33   32   29
095 45   58   60   47   27   30   19   33   35
096 38   39   41   45   30   29   17   39   40
097 29   39   36   43   29   18   28   42   40
098 16   18   17   46   36   13   26   34   42
099 27   36   40   43   34   15   31   30   38
100 29   34   36   39   35   18   33   35   41
