NP-27 1984
row  sep  oct  nov  dec
     (20) (20) (20) (20)
001  09   06   17   45
002  15   06   08   26
003  11   10   20   19
004  05   08   25   05
005  09   15   12   04
006  11   15   28   06
007  05   11   08   18
008  09   14   22   11
009  11   11   10   11
010  10   15   20   21
011  06   18   35   03
012  13   05   18   17
013  07   07   08   26
014  01   05   15   05
015  01   05   01   05
016  18   16   02   35
017  10   25   35   02
018  11   18   01   34
019  03   30   01   17
020  07   28   38   13
021  17   32   40   52
022  04   21   28   08
023  12   09   30   07
024  05   23   19   07
025  01   12   18   18
026  05   21   15   37
027  09   16   02   26
028  03   15   22   12
029  07   14   30   20
030  02   02   09   25
031  04   18   23   24
032  12   16   06   25
033  02   02   21   29
034  03   22   17   23
035  04   20   05   30
036  11   12   07   02
037  01   11   03   42
038  02   16   22   31
039  05   13   08   08
040  06   10   34   33
041  03   11   28   27
042  11   25   26   06
043  07   16   08   33
044  23   05   15   17
045  05   16   21   06
046  15   06   11   14
047  06   09   29   12
048  12   14   31   10
049  05   15   23   19
050  09   22   17   18
