NP-24   1978
row sep  oct  nov  dec
    (20) (20) (20) (19)
001  20   31   43   45
002  15   26   39   40
003  09   17   20   17
004  19   15   19   23
005  08   28   43   15
006  18   19   16   21
007  08   06   20   44
008  10   18   15   22
009  14   19   20   31
010  14   37   11   15
011  11   06   30   25
012  07   08   12   18
013  07   17   27   24
014  06   15   22   31
015  11   22   13   26
016  10   21   14   08
017  05   17   09   15
018  04   20   11   16
019  07   05   12   21
020  10   31   17   22
021  10   35   16   14
022  31   20   15   22
023  04   09   41   76
024  10   11   28   18
025  13   12   18   12
026  13   15   78   34
027  22   14   28   40
028  22   20   11   05
029  20   23   05   12
030  16   15   16   17
031  29   13   14   32
032  25   14   23   30
033  22   12   16   48
034  29   22   17   17
035  09   72   18   21
036  18   20   14   23
037  13   11   22   15
038  24   10   16   16
039  14   22   37   41
040  14   17   30   35
041  21   23   24   22
042  21   24   23   12
043  19   20   25   17
044  10   31   12   31
045  24   29   36   43
046  35   13   33   42
047  28   21   15   13
048  37   07   15   22
049  16   12   28   14
050  19   27   20   26
