NP-22   1976
row jan  feb  mar   apr  may  oct  nov  dec
    (20) (20) (20) (20) (20) (20) (20) (20)
001 37   34   41    39   52   36   36   33
002 29   41   42    53   55   15   20   18
003 27   43   44    52   47   13   19   19
004 25   42   51    47   49   19   27   28
005 41   56   41    54   54   28   30   33
006 45   41   53    59   62   22   29   31
007 46   54   45    55   62   20   33   39
008 37   47   32    47   53   13   27   23
009 38   27   53    45   45   18   27   25
010 41   55   52    54   55   17   17   18
011 26   55   41    60   65   21   24   25
012 41   40   52    45   48   20   29   31
013 44   50   46    58   59   27   41   45
014 33   47   44    62   68   25   22   28
015 38   42   48    66   71   13   25   21
016 41   43   50    42   48   21   42   39
017 38   54   39    53   56   16   19   20
018 31   44   37    49   57   13   26   20
019 41   43   47    40   60   17   30   31
020 38   49   42    48   49   10   19   19
021 30   42   32    47   49   19   21   20
022 28   35   60    47   46   16   17   34
023 36   55   57    54   56   20   23   24
024 27   49   43    57   60   32   29   35
025 31   42   47    43   52   26   30   29
026 37   50   50    50   54   17   20   21
027 35   53   37    59   61   18   15   16
028 38   36   43    35   45   17   22   26
029 43   42   51    46   50   15   18   29
030 29   56   42    55   55   23   23   23
031 30   56   44    49   55   22   32   40
032 35   42   44    51   57   22   25   24
033 35   54   37    50   51   27   28   27
034 43   39   43    35   42   28   30   30
035 34   43   44    44   42   19   18   14
036 28   42   50    57   56   20   24   27
037 34   52   43    60   62   30   35   34
038 36   44   33    48   57   20   24   24
039 39   43   45    64   63   30   35   35
040 38   41   48    61   62   32   29   36
041 30   48   63    49   55   27   33   33
042 37   45   43    48   54   20   39   36
043 44   42   35    55   56   18   23   25
044 42   33   30    40   46   16   14   17
045 40   33   40    53   52   15   21   25
046 30   43   45    42   49   13   24   15
047 22   53   69    50   59   23   21   26
048 38   55   54    66   66   22   24   23
049 42   62   47    62   66   19   22   35
050 43   50   38    44   60   15   25   21
