NP-25 1982
row jan  feb  mar  apr  sep  oct  nov  dec
    (20) (20) (20) (20) (20) (20) (20) (20)
001 17   20   16   20   25   44   44   42
002 19   26   20   26   03   33   22   24
003 12   19   17   21   20   30   32   20
004 24   23   23   20   12   42   24   45
005 19   30   29   28   27   37   38   39
006 25   19   24   21   12   35   27   34
007 15   17   16   19   06   19   11   10
008 17   23   23   18   11   36   48   46
009 20   26   27   25   08   45   47   57
010 13   24   25   30   15   20   20   42
011 21   17   16   26   11   36   23   21
012 19   25   24   25   17   40   36   40
013 24   30   31   20   12   32   51   30
014 25   34   36   16   23   38   41   08
015 15   18   19   18   30   31   37   33
016 19   14   10   23   09   23   47   19
017 40   29   19   17   20   43   45   27
018 16   31   32   27   21   44   35   40
019 15   36   34   23   07   34   31   47
020 14   31   32   24   18   25   30   37
021 18   19   29   22   16   36   48   36
022 20   23   19   20   10   10   40   43
023 13   29   23   29   16   34   39   57
024 17   29   29   22   27   40   28   31
025 19   18   18   27   12   41   50   47
026 24   20   21   18   41   50   51   20
027 20   24   23   23   39   48   47   25
028 23   26   25   21   13   12   32   57
029 15   18   20   16   09   21   26   27
030 17   17   16   19   29   56   54   37
031 20   20   18   20   19   12   31   52
032 13   16   15   18   26   31   43   41
033 26   27   28   26   05   19   26   37
034 24   24   25   31   12   17   47   42
035 17   33   34   26   16   33   17   31
036 25   30   32   36   18   42   11   19
037 17   21   20   24   29   44   22   53
038 10   20   20   20   44   11   27   37
039 14   16   15   15   21   36   26   40
040 17   19   18   16   22   26   39   34
041 16   23   10   18   10   52   35   42
042 15   26   28   23   28   16   58   37
043 23   17   17   25   17   57   46   53
044 24   27   32   21   12   20   29   20
045 20   31   18   20   26   51   46   49
046 15   29   28   23   17   32   52   22
047 26   24   25   26   18   16   32   18
048 32   24   24   21   24   35   23   25
049 26   25   25   19   16   20   57   45
050 24   19   19   18   18   42   37   38
051 26   19   54   18  -99  -99  -99  -99
052 23   24   33   26  -99  -99  -99  -99
053 18   27   21   20  -99  -99  -99  -99
054 24   18   26   14  -99  -99  -99  -99
055 18   17   20   19  -99  -99  -99  -99
056 17   22   18   28  -99  -99  -99  -99
057 20   20   21   25  -99  -99  -99  -99
058 25   26   27   30  -99  -99  -99  -99
059 28   24   19   18  -99  -99  -99  -99
060 30   30   16   21  -99  -99  -99  -99
061 31   30   11   19  -99  -99  -99  -99
062 25   24   24   20  -99  -99  -99  -99
063 25   27   29   27  -99  -99  -99  -99
064 17   22   20   29  -99  -99  -99  -99
065 19   19   31   18  -99  -99  -99  -99
066 25   22   48   17  -99  -99  -99  -99
067 26   26   56   23  -99  -99  -99  -99
068 20   19   38   33  -99  -99  -99  -99
069 18   18   25   41  -99  -99  -99  -99
070 28   15   20   33  -99  -99  -99  -99
071 16   17   22   28  -99  -99  -99  -99
072 24   23   20   21  -99  -99  -99  -99
073 20   27   25   16  -99  -99  -99  -99
074 20   19   17   18  -99  -99  -99  -99
075 26   30   19   23  -99  -99  -99  -99
076 28   41   20   19  -99  -99  -99  -99
077 22   38   30   18  -99  -99  -99  -99
078 19   28   31   17  -99  -99  -99  -99
079 27   30   24   22  -99  -99  -99  -99
080 25   21   24   21  -99  -99  -99  -99
081 25   22   19   21  -99  -99  -99  -99
082 26   18   25   19  -99  -99  -99  -99
083 15   23   18   18  -99  -99  -99  -99
084 20   17   25   22  -99  -99  -99  -99
085 27   19   27   26  -99  -99  -99  -99
086 33   22   21   17  -99  -99  -99  -99
087 35   28   28   21  -99  -99  -99  -99
088 27   31   25   17  -99  -99  -99  -99
089 36   29   30   22  -99  -99  -99  -99
090 29   24   26   23  -99  -99  -99  -99
091 32   20   20   22  -99  -99  -99  -99
092 31   24   18   27  -99  -99  -99  -99
093 27   19   23   29  -99  -99  -99  -99
094 33   23   17   18  -99  -99  -99  -99
095 20   27   20   19  -99  -99  -99  -99
096 28   21   21   17  -99  -99  -99  -99
097 27   26   27   21  -99  -99  -99  -99
098 32   27   22   17  -99  -99  -99  -99
099 36   30   20   23  -99  -99  -99  -99
100 31   26   23   24  -99  -99  -99  -99
