NP-27 1987
row jan  jan  jan  feb  feb  feb  mar  mar  mar  apr  apr  apr  may
    (09) (20) (29) (09) (18) (26) (09) (19) (29) (08) (18) (29) (08)
001 47   36   47   27   48   52   47   47   60   56   59   52   70
002 35   41   41   39   38   38   49   39   43   46   44   51   46
003 10   12   16   19   20   14   41   17   20   23   30   15   26
004 23   30   34   37   25   35   37   20   37   40   36   19   42
005 20   09   09   11   10   12   09   20   10   13   08   13   26
006 10   20   24   06   19   20   19   18   23   27   24   23   25
007 04   30   11   07   20   24   20   23   37   17   29   33   20
008 26   10   07   18   27   29   27   28   28   30   28   26   31
009 03   19   18   09   25   23   24   29   26   31   26   35   37
010 09   16   17   10   20   15   11   17   27   29   21   26   21
011 24   20   16   13   18   20   21   18   15   28   27   32   27
012 10   02   10   11   11   10   13   11   06   10   19   11   11
013 15   08   06   11   22   12   08   10   05   04   04   12   06
014 10   03   19   13   08   19   22   13   14   28   18   15   05
015 11   10   09   10   10   12   12   10   09   12   11   10   10
016 06   03   09   16   17   20   18   18   19   10   19   11   20
017 10   20   16   10   18   18   30   17   23   21   26   30   28
018 08   07   09   07   19   08   13   10   15   11   10   10   11
019 06   11   12   10   10   15   15   16   19   18   14   19   24
020 07   07   07   10   07   08   09   08   07   08   09   08   09
021 26   10   30   27   27   06   30   28   32   28   30   31   31
022 08   10   12   10   15   11   09   11   09   04   05   12   09
023 20   09   12   09   07   15   18   18   21   17   19   21   19
024 09   16   19   11   21   17   19   04   06   13   14   10   17
025 06   07   09   08   14   10   11   04   08   08   11   16   10
026 05   03   11   11   17   11   08   07   06   09   08   07   06
027 04   04   07   06   40   30   27   21   19   24   48   27   37
028 08   11   26   23   17   08   11   07   10   07   09   07   10
029 16   02   16   11   11   08   25   13   07   11   10   08   16
030 09   09   14   14   13   10   13   10   09   11   09   07   14
031 08   11   07   07   17   14   21   16   08   17   17   19   13
032 10   09   16   09   14   25   11   11   13   12   15   19   22
033 10   05   11   12   08   15   21   23   23   27   20   22   15
034 10   08   15   18   09   10   20   20   13   15   14   18   19
035 16   17   09   10   19   16   12   13   08   17   10   11   12
036 10   17   02   03   03   17   14   19   03   14   17   18   15
037 21   03   02   15   18   18   02   07   04   02   23   02   19
038 20   26   18   23   07   15   13   12   16   12   16   17   12
039 11   02   09   19   19   20   16   09   02   20   28   07   09
040 20   20   17   16   33   28   37   22   35   28   34   34   18
041 13   11   09   25   31   12   11   07   06   10   03   10   10
042 17   16   10   10   10   18   38   18   31   30   23   33   19
043 31   02   03   02   02   02   03   12   02   49   02   03   47
044 29   55   49   45   67   62   56   50   66   30   62   69   71
045 20   33   32   28   37   43   31   49   37   49   43   45   48
