NP-20 1972
row jan  feb  mar  apr
    (20) (20) (20) (20)
001 21   20   26   30
002 17   21   28   30
003 33   28   17   22
004 38   40   33   15
005 42   33   36   31
006 30   35   27   25
007 26   30   27   28
008 28   34   36   39
009 33   29   32   32
010 27   30   36   36
011 35   31   30   28
012 44   38   27   34
013 48   37   21   33
014 35   42   17   24
015 33   46   19   22
016 39   41   52   20
017 47   48   34   44
018 41   43   39   40
019 36   50   28   31
020 44   42   20   33
021 32   43   28   30
022 34   45   33   27
023 43   32   32   40
024 56   31   12   33
025 58   24   35   41
026 51   33   13   35
027 40   49   15   31
028 28   52   32   24
029 20   37   31   26
030 28   29   33   15
031 27   20   31   12
032 21   18   54   19
033 32   19   52   27
034 16   22   47   24
035 22   35   21   38
036 17   23   28   56
037 21   18   32   42
038 29   15   29   29
039 23   12   32   38
040 16   18   30   44
041 19   16   37   41
042 30   30   28   42
043 33   38   35   50
044 47   54   43   53
045 50   50   45   49
046 50   30   30   45
047 34   47   31   35
048 31   39   27   38
049 42   41   20   30
050 48   35   34   33
051 40   35   36   25
052 29   39   28   20
053 34   44   32   42
054 30   28   64   49
055 22   19   41   30
056 12   23   40   36
057 09   31   35   61
058 14   42   31   63
059 25   32   24   30
060 26   26   22   22
061 20   26   20   28
062 23   12   26   31
063 34   11   38   30
064 35   14   30   36
065 42   20   22   41
066 44   16   41   28
067 55   33   45   20
068 51   27   46   16
069 39   38   30   18
070 32   28   24   24
071 28   35   27   38
072 33   43   32   29
073 39   44   36   34
074 18   44   23   47
075 16   40   35   25
076 25   33   30   40
077 38   19   30   41
078 34   22   38   33
079 33   21   29   35
080 29   23   32   31
081 29   25   40   37
082 29   24   42   35
083 31   23   31   34
084 48   35   55   21
085 44   42   53   33
086 40   56   44   38
087 35   50   45   36
088 42   30   32   39
089 58   34   33   24
090 44   36   31   29
091 49   38   33   22
092 34   47   33   28
093 25   31   19   36
094 28   33   18   51
095 36   58   30   50
096 35   49   24   44
097 39   53   38   48
098 41   55   20   37
099 37   48   23   38
100 40   48   30   36
