NP-26 1983
row jun  jun  jun  sep  sep  sep  oct  oct  oct  nov  nov  nov  dec  dec  dec
    (10) (20) (31) (11) (20) (30) (10) (20) (31) (12) (20) (30) (10) (21) (31)
001 11   23   18   08   09   11   13   10   10   06   05   05   03   04   02
002 20   18   15   21   20   08   10   15   14   04   05   05   05   14   23
003 29   32   32   10   12   38   36   09   13   10   14   13   14   20   30
004 09   36   30   17   19   06   09   32   36   13   16   16   18   20   30
005 27   30   25   27   26   07   07   32   30   39   36   33   28   25   26
006 56   14   41   05   09   15   14   16   12   10   09   09   07   26   16
007 28   49   33   28   25   07   06   15   18   09   09   10   07   20   34
008 17   17   15   16   18   09   10   19   19   36   36   31   29   24   43
009 67   16   11   06   06   31   30   32   30   24   21   24   21   38   44
010 40   42   38   08   28   12   14   11   15   40   36   38   39   42   45
011 41   40   37   36   36   13   17   16   17   32   31   36   33   30   30
012 44   28   33   09   08   09   06   08   06   21   24   19   24   20   05
013 09   19   10   10   13   12   18   17   18   44   46   47   43   28   28
014 25   28   25   08   09   16   10   17   19   27   30   35   35   19   17
015 08   37   20   31   33   31   39   08   10   15   12   14   11   21   18
016 34   04   21   11   13   09   10   10   07   27   29   26   25   17   19
017 15   31   35   05   05   12   09   15   12   28   33   30   28   36   15
018 24   32   27   10   13   09   07   36   36   07   14   17   20   32   34
019 32   24   24   14   13   17   15   20   18   31   30   28   26   34   29
020 29   35   30   28   32   18   19   22   25   24   24   26   28   32   32
021 35   34   33   27   36   16   23   22   26   20   32   30   30   29   26
022 19   16   16   08   11   23   17   12   13   07   09   13   21   30   31
023 12   11   09   24   22   26   20   21   16   06   04   06   13   20   23
024 11   12   10   19   17   35   35   28   24   13   19   23   23   21   23
025 12   11   08   19   19   13   25   11   10   18   18   20   23   17   18
026 28   27   23   22   30   31   28   16   19   09   10   11   14   38   34
027 21   20   18   19   19   22   29   33   30   24   25   25   27   09   10
028 06   15   11   10   10   24   23   33   31   24   25   23   21   23   21
029 10   31   20   09   16   14   15   14   17   21   23   25   23   12   15
030 13   21   17   08   04   27   23   22   20   13   17   15   12   38   43
031 19   14   14   10   13   15   19   27   31   29   31   33   28   36   41
032 28   19   19   17   28   13   19   29   30   17   14   17   19   37   39
033 32   11   12   13   12   10   07   24   29   14   14   14   17   25   24
034 72   70   54   14   11   09   06   10   06   36   33   30   27   13   10
035 46   71   56   09   18   10   14   23   21   29   30   30   33   20   19
036 31   56   40   37   43   27   21   06   06   30   36   35   36   29   31
037 66   51   50   23   28   23   29   14   13   25   30   28   30   12   10
038 27   28   23   10   18   23   33   11   09   27   27   30   30   05   05
039 53   32   32   09   07   31   30   10   15   29   25   21   17   23   21
040 13   14   10   14   23   27   20   24   23   14   10   11   11   23   20
041 20   22   18   12   10   09   12   10   10   07   10   14   19   14   12
042 22   17   15   09   09   12   12   12   10   40   43   46   44   37   40
043 18   18   14   08   08   23   19   14   18   25   29   25   25   37   37
044 06   13   10   21   18   22   18   17   16   12   09   16   20   33   34
045 21   22   18   16   21   15   13   19   17   23   18   18   16   38   39
046 13   11   09   29   31   16   19   23   21   20   20   23   20   27   27
047 06   07   05   07   06   15   26   07   08   23   25   25   23   33   31
048 10   12   09   08   12   12   13   17   16   18   23   25   25   16   16
049 54   46   43   23   20   13   12   18   24   38   38   36   35   20   23
050 14   14   12   21   32   09   05   06   09   20   21   20   21   28   31
