NP-22   1979
row jan   feb  mar  apr  sep  oct  nov  dec
    (20) (20) (20) (20) (20) (20) (20) (20)
001  44   45   67   62   19   27   42   43
002  64   34   18   76   08   41   15   39
003  29   37   51   53   03   17   34   28
004  28   29   16   61   15   17   36   19
005  55   49   30   28   05   20   26   35
006  23   23   16   37   12   37   16   48
007  39   34   24   28   06   16   14   61
008  20   16   22   22   08   43   20   23
009  06   35   30   24   02   12   17   34
010  11   14   08   73   20   38   22   43
011  12   15   30   18   00   17   25   25
012  07   07   34   59   04   28   18   48
013  20   29   25   37   02   15   17   28
014  33   42   37   39   20   07   41   36
015  15   23   27   61   00   27   23   35
016  36   38   30   28   04   20   30   36
017  20   31   23   45   07   35   26   39
018  17   36   19   21   03   37   22   13
019  27   30   10   29   00   36   31   41
020  19   19   13   27   17   26   15   40
021  27   36   11   32   09   12   38   16
022  30   46   42   63   02   29   18   38
023  32   42   23   52   07   29   15   32
024  23   34   30   24   10   41   33   25
025  25   32   38   52   00   49   34   34
026  19   18   11   46   08   19   17   30
027  18   28   21   17   13   24   26   13
028  13   27   20   37   02   20   22   34
029  13   37   21   21   05   19   11   39
030  22   25   23   23   23   50   22   15
031  25   21   21   32   08   28   26   21
032  17   22   26   36   00   21   30   27
033  25   39   33   33   03   23   18   21
034  17   07   15   41   07   25   17   20
035  15   19   20   40   05   18   35   20
036  23   28   28   22   02   16   28   21
037  29   33   21   27   00   40   21   18
038  21   27   28   21   08   07   16   45
039  17   19   23   52   05   27   20   10
040  10   10   17   53   28   13   22   23
041  13   14   12   66   07   20   25   28
042  14   25   18   72   14   28   22   31
043  18   16   17   33   03   23   16   20
044  12   17   24   37   12   15   24   30
045  11   17   11   52   19   34   31   26
046  23   18   13   35   12   37   24   28
047  12   16   23   51   05   64   46   19
048  09   09   19   68   00   57   16   24
049  09   13   10   68   04   72   26   27
050  11   13   14   55   18   43   37   31
