NP-22   1980
row jan  feb   mar  apr  sep  oct  nov  dec
    (20) (20) (20) (20) (21) (21) (23) (20)
001  15   30   71   64   12  17    15   15
002  45   51   44   25   13  18    16   16
003  25   41   55   54   03  16    17   18
004  29   30   56   48   07  29    50   52
005  19   26   28   22   22  15    24   25
006  16   21   37   57   16  15    23   24
007  13   43   30   30   15  30    37   38
008  32   16   18   22   13  14    25   25
009  17   39   21   30   13  24    19   19
010  34   36   19   25   07  10    44   48
011  23   41   32   45   05  16    17   18
012  22   37   24   45   12  10    26   27
013  25   51   36   43   17  25    29   25
014  20   30   39   36   06  32    30   32
015  51   42   31   58   06  45    43   42
016  15   36   32   34   11  22    25   25
017  34   28   28   28   16  15    25   25
018  29   36   56   37   11  22    29   27
019  36   27   29   21   08  11    12   15
020  15   44   33   38   11  20    29   30
021  50   17   20   45   11  16    17   15
022  16   54   38   55   08  18    23   22
023  26   44   30   45   06  22    24   29
024  31   27   36   45   15  21    29   27
025  36   49   19   24   10  27    30   28
026  24   17   46   47   07  10    28   27
027  27   29   41   34   07  17    19   30
028  36   20   55   54   08  14    18   21
029  36   39   43   53   11  11    13   18
030  26   39   38   38   02  20    09   21
031  34   36   35   36   17  10    20   22
032  21   37   39   34   06  15    12   23
033  20   29   31   40   08  45    15   16
034  16   21   26   38   12  10    27   28
035  36   20   34   40   05  40    23   25
036  22   32   42   28   08  29    48   50
037  26   41   37   48   25  42    22   22
038  23   24   43   27   08  13    28   25
039  13   46   39   43   12  33    13   10
040  26   31   30   36   10  30    26   20
041  21   34   43   33   10  20    36   35
042  22   37   24   40   08  20    12   14
043  16   25   20   41   08  17    27   26
044  25   41   43   47   10  22    27   28
045  46   20   43   49   03  12    16   17
046  28   19   34   20   07  27    18   20
047  15   15   23   32   08  19    15   15
048  20   37   40   45   09  19    25   27
049  44   30   18   48   14  13    23   25
050  39   43   49   39   05  19    09   15
