NP-22   1982
row jan  feb  mar
    (20) (20) (20)
001  24   30   43
002  25   34   44
003  26   35   46
004  27   39   50
005  31   40   52
006  27   39   49
007  25   34   47
008  36   46   57
009  30   41   51
010  21   33   46
011  30   42   52
012  25   34   45
013  32   46   58
014  32   45   55
015  29   40   52
016  29   41   52
017  31   42   52
018  25   34   46
019  26   35   48
020  26   35   49
021  24   36   49
022  28   37   48
023  30   40   55
024  29   41   54
025  22   30   46
026  35   43   55
027  36   42   52
028  18   30   45
029  18   31   46
030  24   34   48
031  24   32   45
032  28   40   53
033  41   50   62
034  37   49   61
035  23   35   48
036  26   38   50
037  27   39   50
038  25   37   50
039  19   31   46
040  25   35   49
041  26   48   61
042  29   43   54
043  23   43   56
044  24   44   55
045  22   43   56
046  25   33   48
047  27   35   47
048  25   34   46
049  22   32   47
050  24   36   51
