NP-30   1989
row jan  jan  jan  feb  feb  feb  mar  mar  mar  apr  apr  apr  may  spt  spt  spt  oct  oct  oct  nov  nov  nov  dec  dec  dec
    (10) (20) (31) (10) (20) (28) (10) (20) (31) (10) (20) (30) (10) (10) (20) (30) (10) (20) (31) (10) (20) (30) (10) (21) (31)
001  58   59   61   60   60   61   61   61   61   62   62   62   63   13   24   32   34   35   38   45   43   64   66   67   69
002  22   20   04   04   05   06   09   09   10   10   10   11   14   06   10   17   27   20   16   28   31   41   41   40   39
003  19   22   33   27   22   21   23   21   20   22   25   26   27   05   05   13   15   14   12   18   20   13   15   16   18
004  17   18   25   18   17   18   18   19   20   21   24   23   21   05   05   11   12   14   10   11   14   12   13   13   14
005  25   26   37   26   26   26   25   24   26   27   29   30   33   07   15   26   27   22   23   31   39   37   35   35   33
006  05   05   25   08   20   19   20   20   18   20   22   22   24   06   10   12   10   12   11   10   13   12   13   13   14
007  20   25   17   26   07   08   11   11   12   11   12   15   16   06   12   26   22   24   20   20   23   22   21   21   21
008  30   37   15   36   34   33   34   34   38   40   41   42   41   10   13   24   22   24   23   25   28   21   22   24   25
009  16   12   03   12   31   32   34   34   33   33   37   39   37   02   08   15   18   21   18   18   19   18   22   25   28
010  21   21   47   35   16   17   21   21   25   25   24   25   30   04   08   12   24   24   25   24   26   22   24   26   28
011  02   02   02   03   03   03   03   03   05   05   05   06   10   07   10   11   12   10   08   08   09   10   10   10   10
012  15   30   18   11   13   12   11   11   10   08   08   08   08   06   10   16   17   19   23   42   42   41   41   40   41
013  27   24   30   23   21   22   23   26   25   29   30   29   30   11   14   25   30   28   28   30   30   30   31   32   32
014  06   07   21   10   09   08   08   08   08   10   12   13   11   08   13   21   11   13   10   12   13   10   12   12   13
015  13   15   23   13   17   34   37   39   40   41   43   43   44   03   03   05   15   11   33   35   37   36   33   32   31
016  20   20   38   24   29   30   28   25   28   25   31   27   25   10   11   30   39   40   40   33   35   36   37   39   40
017  07   06   42   11   11   10   10   10   10   12   15   17   21   05   09   26   22   28   23   21   34   23   24   24   24
018  22   26   12   05   30   31   32   34   34   35   35   35   36   07   10   25   27   30   33   44   46   46   46   46   46
019  19   29   07   17   29   28   33   30   31   29   30   28   28   07   13   28   16   19   14   25   28   22   23   25   27
020  18   17   17   24   20   19   20   21   21   23   21   20   23   09   11   18   25   29   31   29   34   25   28   31   36
021  10   08   03   07   26   25   22   21   22   21   18   20   19   05   05   10   10   09   09   10   10   10   11   12   13
022  17   16   31   47   29   27   22   24   28   27   25   20   24   04   06   13   12   14   11   14   13   14   14   16   16
023  19   03   22   24   48   49   50   47   45   45   45   44   43   03   05   13   13   15   11   12   12   14   14   12   12
024  04   17   19   04   04   05   07   07   10   1    13   13   17   02   05   06   17   19   20   24   25   20   25   27   31
025  38   34   25   07   34   27   25   24   24   28   29   30   28   02   05   11   14   24   25   40   36   30   30   30   30
026  45   43   34   44   40   41   41   43   44   45   39   38   36   11   14   22   24   29   27   27   28   27   29   31   32
027  31   37   30   38   35   34   33   34   35   35   33   33   39   08   11   22   17   26   22   37   41   37   37   36   36
028  11   12   23   13   15   14   16   15   17   19   21   20   22   11   17   36   35   38   49   49   58   49   48   48   47
029  11   10   11   33   32   31   35   33   33   30   30   30   25   09   21   39   30   33   30   50   51   47   47   48   48
030  34   37   08   31   44   14   11   11   12   15   18   20   25   06   05   09   08   14   10   12   11   11   10   10   10
031  13   14   12   17   27   28   31   31   31   33   33   31   33   05   05   08   07   08   07   09   08   08   09   10   10
032  09   08   09   09   24   25   29   31   33   33   31   31   29   02   10   17   22   23   23   27   28   22   24   27   30
033  17   39   14   13   14   15   21   20   27   27   25   25   25   07   05   05   14   14   21   23   23   22   23   23   24
034  33   31   29   40   41   42   38   36   33   32   31   32   30   13   28   40   37   42   37   34   36   37   37   37   37
035  20   22   16   41   19   08   11   11   18   21   24   27   33   05   05   10   10   16   15   15   29   12   12   12   12
036  28   26   21   27   25   24   21   21   21   21   22   22   25   05   06   16   16   17   16   18   19   17   18   18   18
037  29   29   23   32   33   29   35   37   35   31   34   33   33   03   05   08   10   10   10   18   20   10   10   09   09
038  23   24   31   38   34   36   36   37   38   41   40   39   41   14   20   38   37   39   44   43   48   43   45   49   56
039  14   15   38   21   11   13   14   15   15   19   22   26   30   09   12   30   24   34   34   43   33   34   36   40   44
040  16   14   29   10   09   40   44   43   40   33   30   28   26   10   16   25   23   26   21   22   23   22   23   23   23
041  18   28   24   29   28   21   18   17   18   20   19   20   21   21   40   48   45   53   48   47   46   45   49   53   57
042  22   21   17   16   14   15   14   14   16   20   20   24   22   08   10   18   20   18   17   19   20   25   24   24   22
043  17   17   15   16   13   12   14   14   16   16   19   19   24   08   11   30   26   34   32   28   34   26   27   29   31
044  24   32   30   28   19   18   15   16   15   16   16   17   20   06   08   18   19   23   23   18   21   27   29   33   36
045  10   09   31   17   27   22   28   30   31   35   33   30   31   05   07   11   11   19   13   15   16   12   13   14   18
046  36   32   17   30   31   30   31   31   31   31   27   25   25   07   09   15   22   25   20   21   21   26   26   25   25
047  26   28   33   20   28   34   36   33   30   30   31   35   36   09   07   11   10   12   10   10   11   13   14   15   16
048  22   22   22   22   34   31   37   35   34   36   33   32   37   04   09   12   11   14   10   11   11   24   21   20   19
049  21   27   25   24   29   28   25   24   27   30   33   33   34   09   12   23   29   29   27   30   28   28   28   28   28
050  24   25   21   21   23   29   25   25   26   24   25   29   30   06   08   10   11   15   15   17   18   26   25   22   20
