NP-31   1988
row dec  dec  dec
    (10) (20) (30)
001  45   49   44
002  36   32   30
003  23   28   28
004  30   23   26
005  23   25   20
006  23   40   39
007  12   16   30
008  36   21   20
009  12   20   21
010  17   33   16
011  48   54   41
012  17   28   19
013  22   41   34
014  40   19   50
015  35   17   41
016  19   29   19
017  28   21   14
018  52   14   17
019  15   44   28
020  36   34   27
021  51   50   53
022  55   24   44
023  20   39   36
024  34   28   17
025  18   41   28
026  25   24   30
027  34   19   19
028  27   16   14
029  26   14   16
030  19   28   33
031  15   18   19
032  17   11   17
033  13   33   11
034  34   19   30
035  41   12   10
036  48   10   27
037  10   15   43
038  15   24   34
039  30   40   40
040  22   30   37
041  28   22   24
042  14   12   27
043  31   30   32
044  16   14   49
045  30   48   40
046  10   16   30
047  14   10   14
048  26   15   19
049  37   30   27
050  36   26   25
