NP-31   1989
row jan  jan  jan  feb  feb  feb  mar  mar  mar  apr  apr  apr  may  may  may  jun  jun  spt  spt  oct  oct  oct  nov  nov  nov  dec  dec  dec
    (10) (21) (31) (10) (21) (28) (10) (20) (30) (10) (20) (30) (10) (20) (31) (10) (20) (20) (30) (10) (20) (31) (10) (20) (30) (10) (20) (31)
001  25   31   42   55   45   41   19   13   16   17   21   19   27   31   36   45   33   08   07   12   14   16   19   18   24   39   45   41
002  28   27   27   28   42   47   45   18   44   43   42   22   49   34   37   28   26   14   12   22   30   26   18   20   25   16   18   17
003  12   29   26   40   33   30   50   28   51   53   50   24   40   52   63   35   30   11   14   20   25   28   11   21   20   18   38   22
004  54   46   19   60   32   27   64   51   60   58   44   46   58   40   39   35   27   06   06   11   26   25   06   08   12   24   23   30
005  29   28   40   35   40   36   40   35   40   40   39   34   44   44   45   54   50   10   09   14   25   34   14   15   20   10   10   12
006  32   19   24   43   31   36   35   71   40   41   40   52   40   49   41   45   41   19   19   07   17   08   16   16   19   24   22   21
007  22   31   31   49   55   19   52   55   50   50   34   51   70   59   65   30   20   20   21   20   05   05   20   22   26   19   24   09
008  45   21   10   46   46   54   28   40   36   36   28   31   66   60   60   52   39   00   11   11   19   22   21   14   14   30   10   13
009  61   41   19   33   26   48   47   25   40   44   31   40   69   40   58   41   40   05   06   16   33   38   14   09   10   11   09   24
010  18   20   34   24   24   21   43   39   28   29   36   36   49   34   33   42   20   13   10   19   28   29   19   16   19   26   32   31
011  09   16   21   16   48   47   53   39   36   33   38   34   41   54   65   24   21   11   11   28   11   20   26   25   24   08   09   08
012  23   19   11   55   49   41   27   41   28   28   26   46   62   61   52   50   39   04   05   20   25   14   19   19   21   10   08   10
013  24   27   19   33   26   29   19   30   16   17   21   30   53   51   50   33   31   07   14   30   30   30   29   22   26   14   09   11
014  15   28   26   47   14   27   34   32   30   30   28   32   36   54   55   44   40   09   08   11   17   35   14   17   19   27   30   26
015  42   32   15   32   36   30   37   29   31   30   31   28   41   33   48   30   25   12   12   20   21   25   19   19   27   19   42   36
016  25   37   42   49   60   28   38   50   38   38   41   55   70   39   69   48   41   04   04   10   19   28   15   24   20   40   10   26
017  50   22   40   18   46   36   60   60   64   66   53   64   61   37   37   50   38   01   01   08   25   21   10   14   14   21   29   28
018  12   21   19   38   43   53   34   52   39   36   54   50   58   60   41   43   37   13   12   11   16   19   17   20   13   11   11   19
019  12   28   27   44   51   40   32   62   50   50   19   49   51   30   52   33   24   08   09   10   14   16   22   08   20   10   13   14
020  46   40   22   40   42   47   50   50   19   19   24   43   48   29   31   33   14   16   15   14   11   19   16   20   11   21   26   22
021  38   36   25   60   35   29   35   52   44   41   41   54   64   51   52   51   44   06   07   18   39   24   14   11   17   30   31   36
022  40   40   40   56   47   37   64   43   41   46   49   35   71   49   49   47   45   00   01   08   16   19   19   20   19   17   12   19
023  28   27   64   40   50   47   54   39   54   51   51   56   45   36   51   45   32   19   19   12   22   39   21   21   24   20   16   11
024  44   28   38   39   45   45   38   35   32   30   33   38   41   50   35   40   31   08   08   20   30   18   16   14   27   21   18   18
025  22   31   38   42   45   41   51   45   54   55   28   52   40   42   42   35   28   16   18   18   20   23   21   20   28   16   21   24
026  20   10   24   47   58   61   65   44   60   60   27   54   66   46   30   32   19   09   04   14   35   30   19   20   31   10   11   12
027  45   40   49   28   55   60   45   20   45   45   56   45   52   54   46   33   18   02   01   10   30   20   27   17   20   14   26   17
028  32   30   44   31   65   47   46   55   49   44   53   37   52   61   59   30   11   14   14   30   20   35   31   26   17   07   34   29
029  35   35   48   51   36   30   35   22   35   30   48   46   39   55   32   28   29   11   10   21   15   40   20   26   27   26   25   11
030  10   45   35   55   42   36   31   31   33   31   50   36   36   40   39   25   37   00   01   19   19   15   27   18   29   11   16   18
031  36   36   31   55   20   22   67   40   39   34   56   49   22   56   55   39   30   00   00   06   28   43   17   18   19   21   17   16
032  29   29   36   27   50   18   37   19   54   51   52   55   41   50   51   24   31   04   06   16   41   30   07   12   19   20   12   14
033  20   33   34   16   42   51   62   36   60   52   60   54   54   22   18   44   20   09   10   20   12   15   19   17   14   14   22   19
034  19   18   12   17   18   40   30   15   54   60   52   33   59   49   47   36   24   13   12   22   16   28   21   23   28   11   18   17
035  32   22   19   14   42   29   50   38   49   47   38   52   31   39   32   21   26   18   16   22   28   19   26   25   16   27   29   29
036  46   17   41   17   53   33   55   36   38   33   29   49   64   39   21   41   34   19   20   19   33   38   15   20   33   18   06   15
037  28   28   26   47   19   50   38   63   40   41   36   47   30   29   44   28   35   10   22   26   21   44   19   22   29   27   17   07
038  30   30   29   31   52   19   10   28   10   41   49   24   62   26   23   26   20   04   04   15   29   12   24   23   35   13   10   10
039  35   31   20   15   35   20   41   44   49   44   52   15   53   50   46   16   21   18   16   17   12   16   12   17   27   21   11   32
040  30   24   22   32   16   25   47   52   45   41   44   45   29   49   48   18   23   17   17   12   30   12   24   24   21   29   31   20
041  28   33   49   38   20   29   62   51   50   50   50   53   45   49   48   55   46   19   19   19   20   35   15   11   16   11   20   21
042  43   49   28   43   32   34   48   52   46   47   47   52   52   52   52   33   33   08   09   18   24   42   17   19   22   19   24   22
043  22   54   34   41   36   33   38   48   33   33   36   41   48   30   33   45   32   07   12   24   14   20   22   28   21   14   13   11
044  32   21   51   43   51   49   56   50   50   50   51   38   51   32   20   31   11   21   20   20   18   10   20   27   30   13   16   17
045  21   46   25   17   34   19   28   41   50   47   44   29   35   38   35   24   35   20   20   26   36   24   30   28   33   13   28   28
046  56   20   37   49   30   39   35   46   34   34   39   35   49   41   31   19   06   16   17   18   21   14   18   31   29   23   11   16
047  32   28   38   41   18   49   25   39   25   26   49   36   46   52   40   46   17   11   10   20   15   34   16   19   28   15   23   24
048  37   29   39   14   40   57   50   42   29   24   45   30   48   43   50   47   31   05   08   11   25   18   10   20   19   27   27   22
049  52   50   29   28   47   52   29   39   37   36   23   40   26   49   42   23   17   09   10   22   27   36   18   10   23   31   15   19
050  29   37   31   34   38   38   35   49   44   46   36   31   30   29   26   36   38   21   20   14   31   32   23   23   28   30   34   32
