NP-31    1990
row jan  jan  jan  feb  feb  feb  mar  mar  mar  apr  apr  apr  may  may  may  jun  sep  oct  oct  oct  nov  nov  nov  dec  dec  dec
    (10) (20) (31) (10) (20) (28) (10) (20) (31) (10) (20) (30) (10) (21) (31) (10) (30) (10) (21) (31) (11) (21) (30) (10) (20) (30)
001  18   12   14   26   36   36   27   18   20   26   26   53   14   20   16   21   21   22   10   19   18   29   18   22   23   65
002  17   26   31   34   26   24   19   28   22   28   28   17   28   08   35   32   18   13   08   08   19   28   22   25   27   21
003  12   27   16   24   36   33   33   10   30   42   42   37   14   24   40   38   05   09   09   10   08   10   10   09   13   19
004  27   32   10   28   34   31   30   28   17   43   43   26   35   42   09   10   15   10   21   21   12   09   10   12   20   08
005  20   17   22   33   32   29   19   30   27   15   15   30   23   05   39   11   01   25   10   13   22   10   17   22   22   23
006  33   35   37   32   28   28   20   31   19   30   30   16   36   28   10   21   21   09   14   24   17   32   06   18   18   16
007  12   10   14   15   24   24   21   30   30   40   40   08   10   13   33   30   08   20   07   03   06   11   05   24   21   22
008  38   36   30   22   15   15   11   14   14   24   24   28   23   55   23   36   26   10   22   27   11   05   07   05   21   05
009  31   47   26   19   12   21   26   35   31   63   63   64   32   21   10   11   06   10   23   10   10   16   11   17   22   21
010  19   32   36   12   10   14   17   20   33   24   24   23   23   25   24   10   01   24   10   10   20   09   10   17   10   18
011  25   22   17   12   15   32   30   47   41   13   13   07   18   19   05   35   04   36   08   40   08   26   08   06   22   23
012  21   20   3    09   12   34   44   57   44   39   39   29   25   20   35   43   10   08   07   06   39   16   09   10   28   26
013  34   40   34   20   41   20   22   41   19   11   11   09   17   26   41   28   07   14   08   05   10   20   10   26   08   10
014  11   11   19   23   26   40   26   14   27   31   31   20   28   45   33   35   10   08   23   09   10   05   43   32   12   08
015  29   29   28   21   20   26   40   33   21   28   28   18   25   24   31   09   22   14   07   09   27   18   07   08   22   20
016  16   16   10   26   08   09   11   06   24   32   32   26   08   35   27   08   10   20   08   25   08   24   19   17   25   09
017  24   24   30   28   28   12   09   42   28   36   36   32   14   35   07   35   01   18   02   25   08   10   06   05   05   10
018  19   14   31   12   12   28   23   48   29   19   19   05   20   29   32   27   17   10   24   11   08   20   24   18   18   12
019  10   16   24   18   18   18   40   26   40   33   33   26   10   42   33   30   05   08   03   06   09   06   15   30   05   10
020  38   19   19   38   22   24   31   16   34   35   35   37   10   30   20   14   07   07   06   10   08   14   10   15   33   15
021  12   18   18   24   24   14   14   11   15   19   19   15   17   33   17   13   07   10   10   10   08   06   25   05   28   08
022  25   14   16   14   17   12   13   29   21   16   16   12   39   08   12   15   03   11   05   09   10   08   14   05   30   20
023  15   15   29   12   36   27   23   06   11   10   10   10   47   35   43   39   08   05   04   05   11   13   28   08   10   06
024  21   12   12   27   26   36   33   36   33   35   35   35   32   09   36   19   08   05   06   09   10   18   18   20   10   11
025  30   32   16   26   48   34   32   33   20   28   28   29   28   23   20   10   02   09   17   09   10   35   24   16   35   10
026  31   31   34   36   32   26   26   46   46   09   09   33   51   28   37   38   02   30   14   09   14   41   27   07   26   08
027  12   11   28   22   26   32   32   13   17   49   49   21   07   15   14   37   06   08   19   10   05   05   05   23   24   20
028  40   40   39   26   32   26   25   10   11   20   20   32   10   48   10   23   05   28   09   08   07   10   06   22   06   12
029  39   41   35   32   26   40   17   16   24   36   36   20   46   23   09   23   02   08   06   07   10   52   07   09   10   05
030  26   24   26   19   12   32   24   28   37   37   37   15   43   17   29   18   10   05   10   16   10   11   07   06   17   10
031  08   08   06   26   31   26   19   48   18   44   44   20   18   26   35   37   07   04   10   07   26   44   28   20   06   27
032  29   42   33   18   14   31   13   46   19   16   16   12   30   38   27   33   16   06   09   11   10   21   12   16   29   08
033  27   20   19   32   14   14   23   09   23   22   22   32   08   21   40   10   09   09   10   14   08   16   14   18   19   22
034  21   21   23   26   32   21   32   17   22   47   47   37   37   40   41   40   09   09   12   17   22   15   09   06   25   23
035  19   18   21   29   41   32   30   27   32   15   15   12   41   10   15   46   05   20   15   20   18   20   09   09   10   22
036  09   12   16   14   35   33   20   46   17   17   17   37   54   50   30   20   18   17   13   20   21   13   09   10   33   32
037  10   31   46   17   17   35   17   11   10   26   26   35   35   24   35   10   14   14   30   24   09   34   13   45   18   24
038  11   09   18   46   48   17   11   21   36   37   37   43   31   42   22   43   02   13   21   21   14   18   19   33   10   17
039  33   19   11   31   34   44   39   36   34   51   51   46   10   26   32   11   13   19   17   05   05   36   15   24   27   26
040  15   24   17   26   15   34   32   19   28   57   57   08   20   15   11   31   03   14   07   07   10   12   10   37   30   34
041  11   10   11   25   36   36   27   41   28   52   52   25   31   43   20   26   31   07   10   20   05   15   08   33   24   15
042  10   33   20   22   25   25   25   19   34   27   27   10   20   45   08   47   18   22   10   09   08   12   17   32   10   08
043  36   24   31   30   20   30   36   30   37   44   44   38   59   49   44   57   10   05   15   20   25   31   42   17   45   24
044  24   09   14   46   42   42   46   37   19   52   52   52   34   44   40   35   01   23   09   10   08   09   18   09   55   22
045  30   36   36   25   22   33   30   39   22   33   33   48   39   49   52   16   11   05   13   35   23   31   20   11   07   22
046  44   50   39   28   55   38   29   19   39   17   17   10   21   40   22   31   38   10   18   18   10   27   09   05   08   21
047  26   25   33   19   46   28   41   22   40   30   30   34   28   29   44   39   17   10   10   44   10   07   29   29   30   22
048  49   10   10   22   38   42   30   24   26   47   47   08   04   17   53   30   01   10   22   12   20   18   17   10   23   17
049  30   26   21   23   28   30   27   26   35   30   30   22   19   20   24   12   02   10   22   19   25   10   08   19   05   28
050  22   30   24   30   33   22   22   15   31   10   10   30   50   14   21   30   04   11   22   19   11   09   18   09   15   24
