NP-05 1955
row may  jun  jun  jul  nov  dec
   (31) (11) (23) (04) (22) (31)
001 58   055  036  34   25   25
002 60   060  068  08   21   30
003 41   050  042  40   20   13
004 70   062  050  27   24   40
005 39   020  059  15   20   33
006 82   060  040  33   14   24
007 73   035  065  10   15   16
008 09   073  062  25   27   16
009 40   047  059  38   28   21
010 71   040  072  32   12   28
011 28   057  062  50   48   20
012 62   054  072  70   42   51
013 53   017  081  73   31   35
014 58   036  100  47   19   28
015 52   037  085  30   31   09
016 49   041  058  38   30   21
017 41   055  052  20   28   18
018 47   043  059  17   28   15
019 57   018  010  15   30   15
020 45   042  020  48   53   40
021 45   047  010  58   55   33
022 34   067  032  41   48   13
023 62   065  032  46   48   37
024 75   051  010  41   24   12
025 50   048  020  46   13   18
026 50   044  042  16   19   15
027 52   038  010  28   17   26
028 48   030  039  06   12   13
029 47   074  040  22   14   33
030 65   050  042  12   29   36
031 55   038  032  22   30   33
032 45   047  040  12   20   32
033 45   038  040  20   17   33
034 29   049  020  17   18   23
035 38   046  020  05   20   38
036 48   059  015  32   29   28
037 60   042  027  37   14   23
038 57   043  047  16   30   21
039 48   055  048  20   21   23
040 31   024  030  16   22   28
041 45   035  028  20   20   27
042 43   038  031  25   17   15
043 40   036  030  10   25   29
044 40   046  035  08   18   06
045 50   028  043  19   13   26
046 60   030  037  14   07   19
047 42   044  045  04   37   21
048 41   040  040  27   17   28
049 52   014  025  15   26   14
050 42   038  039  11   20   18
051 40   043  028  12   14   24
052 42   024  008  17   26   26
053 53   038  040  06   23   37
054 40   033  045  21   21   16
055 42   048  046  26   15   33
056 34   038  061  27   30   16
057 30   033  042  21   45   17
058 42   028  038  07   18   22
059 45   044  040  27   25   30
060 49   030  047  17   21   19
061 40   058  055  16   42   27
062 35   049  077  28   32   19
063 37   060  053  07   25   16
064 43   049  044  05   37   25
065 41   062  030  20   13   33
066 45   018  053  24   20   14
067 41   048  043  35   16   24
068 37   048  046  21   22   28
069 34   043  055  23   13   20
070 50   039  050  20   26   07
071 48   052  048  28   14   32
072 55   043  025  18   14   11
073 60   045  046  36   14   12
074 68   058  033  37   28   37
075 85   065  055  21   26   21
076 84   100  040  03   12   35
077 68   099  039  21   23   14
078 30   072  039  38   23   13
079 47   049  056  43   27   22
080 30   050  049  47   20   16
081 14   022  059  42   15   37
082 24   026  055  40   32   21
083 85   023  030  05   22   10
084 76   060  055  25   25   26
085 75   065  050  20   41   33
086 63   060  031  48   37   30
087 63   072  042  16   27   22
088 63   062  065  20   07   33
089 70   065  073  28   33   36
090 44   060  056  30   24   36
091 -99  064 -99   25   39 -99
092 -99  060 -99   25   39 -99
093 -99  045 -99   31   16 -99
094 -99  055 -99   05   25 -99
095 -99  050 -99   40   27 -99
096 -99  048 -99   40   34 -99
097 -99  040 -99   12   07 -99
098 -99  043 -99   36   14 -99
099 -99  032 -99   48   52 -99
100 -99  030 -99   38   59 -99
