NP-09 1969
row may  sep  oct  nov  dec
    (31) (30) (28) (30) (30)
001 48   15   20   20   37
002 52   39   26   33   23
003 23   29   20   11   25
004 40   07   05   28   11
005 51   33   13   06   19
006 32   02   17   12   04
007 32   37   31   13   12
008 44   11   31   18   24
009 41   38   18   05   10
010 11   02   10   34   05
011 48   12   05   19   16
012 31   19   07   22   23
013 17   38   08   05   11
014 37   29   14   07   22
015 34   04   02   09   32
016 45   04   25   16   11
017 20   07   10   05   40
018 67   04   24   09   35
019 64   35   11   31   05
020 67   15   25   06   24
021 54   36   06   18   25
022 57   10   07   05   24
023 50   13   22   07   28
024 51   03   35   04   34
025 40   04   07   13   15
026 44   10   13   20   23
027 50   09   12   33   18
028 20   30   20   14   12
029 30   05   15   17   14
030 45   38   05   33   27
031 42   40   27   34   05
032 49   37   23   07   05
033 53   08   24   19   38
034 31   28   15   25   22
035 47   06   13   05   12
036 50   35   05   15   10
037 30   19   25   23   13
038 53   34   17   24   16
039 60   34   19   28   44
040 64   33   21   06   50
041 26   35   19   07   43
042 43   10   07   22   11
043 51   38   35   35   21
044 45   09   31   40   19
045 36   33   33   07   28
046 49   30   17   12   06
047 43   04   14   20   24
048 41   25   05   15   26
049 40   10   07   52   06
050 62   21   08   27   08
051 51   08   04   10   10
052 64   25   09   24   43
053 50   03   17   10   51
054 42   20   23   24   04
055 48   10   05   15   15
056 45   09   10   16   29
057 30   09   31   25   13
058 52   25   06   28   03
059 30   08   18   17   13
060 28   11   07   15   27
061 37   30   05   05   07
062 43   31   04   06   27
063 36   03   40   31   22
064 45   19   13   17   24
065 43   30   20   21   11
066 58   19   30   13   09
067 34   03   22   05   07
068 50   05   09   20   25
069 41   18   41   20   21
070 73   19   34   25   29
071 62   09   05   26   10
072 61   18   17   23   13
073 52   03   13   05   14
074 20   47   11   13   29
075 54   11   06   12   18
076 60   12   27   19   23
077 62   25   10   24   11
078 16   36   32   17   24
079 58   12   18   23   38
080 42   30   17   15   30
081 51   07   11   31   19
082 29   06   21   37   06
083 33   24   05   05   31
084 35   04   09   11   35
085 32   13   19   19   25
086 37   08   21   21   12
087 46   04   20   12   38
088 36   18   28   15   19
089 56   19   39   18   18
090 50   10   05   20   14
091 60   11   06   14   29
092 74   23   13   16   25
093 66   28   21   25   19
094 80   04   17   07   45
095 59   07   11   10   31
096 29   11   05   13   23
097 10   20   07   28   19
098 53   21   24   36   11
099 57   02   18   24   25
100 75   14   14   15   41
