NP-08 1962
row feb
    (02)
001 36
002 15
003 46
004 27
005 15
006 47
007 48
008 28
009 25
010 40
011 15
012 29
013 30
014 25
015 26
016 25
017 37
018 20
019 20
020 25
021 13
022 23
023 25
024 29
025 24
026 23
027 29
028 12
029 22
030 22
031 15
032 17
033 18
034 27
035 23
036 27
037 31
038 30
039 15
040 16
041 26
042 40
043 20
044 17
045 18
046 09
047 27
048 25
049 52
050 18
051 37
052 26
053 16
054 15
055 19
056 18
057 33
058 36
059 17
060 14
061 15
062 25
063 27
064 16
065 16
066 17
067 29
068 42
069 40
070 35
071 43
072 33
073 36
074 25
075 18
076 12
077 25
078 29
079 18
080 30
081 12
082 32
083 15
084 35
085 21
086 10
087 18
088 33
089 49
090 16
091 14
092 15
093 23
094 14
095 13
096 13
097 12
098 29
099 23
100 17
