NP-07 1959
row jan  feb  mar
    (07) (04) (07)
001 38   38   37
002 42   39   36
003 33   32   32
004 42   28   15
005 29   28   27
006 42   24   07
007 38   40   43
008 22   38   53
009 13   08   03
010 36   20   03
011 22   22   22
012 49   54   59
013 39   28   17
014 29   36   43
015 45   34   23
016 16   32   48
017 30   30   56
018 46   49   52
019 52   56   59
020 32   32   33
021 32   24   17
022 28   28   28
023 28   12   21
024 26   30   35
025 26   24   21
026 21   17   13
027 42   28   14
028 03   22   41
029 09   32   57
030 30   37   44
031 11   35   59
032 21   14   02
033 20   29   38
034 41   38   36
035 25   14   03
036 29   16   02
037 13   20   27
038 10   11   12
039 51   32   12
040 19   28   38
041 54   35   16
042 44   33   22
043 34   36   39
044 16   19   22
045 30   26   21
046 24   26   29
047 24   34   44
048 42   32   22
049 09   08   08
050 42   40   39
051 32   38   43
052 40   28   17
053 08   30   52
054 34   24   15
055 46   34   23
056 24   20   14
057 17   23   29
058 20   41   12
059 46   34   21
060 26   35   44
061 14   16   18
062 20   19   36
063 23   20   16
064 49   45   41
065 36   19   02
066 30   06   09
067 26   32   39
068 34   22   09
069 17   34   51
070 37   29   21
071 28   30   33
072 29   29   29
073 24   30   36
074 06   09   12
075 34   22   10
076 30   30   30
077 39   24   09
078 16   20   25
079 41   34   28
080 53   45   37
081 55   55   55
082 29   42   54
083 30   16   27
084 32   31   30
085 40   23   06
086 30   29   28
087 33   20   08
088 21   32   43
089 16   33   50
090 26   34   42
091 36   37   38
092 30   18   33
093 27   40   52
094 44   24   04
095 36   40   43
096 27   24   21
097 24   26   28
098 08   24   41
099 16   28   41
100 28   26   24
