NP-15 1967
row jan  feb  mar  apr
    (22) (20) (24) (20)
001 24   13   22   22
002 61   13   14   23
003 34   24   39   23
004 25   35   16   22
005 33   28   21   47
006 08   10   35   20
007 30   15   32   37
008 39   20   27   28
009 00   32   41   38
010 26   20   12   47
011 09   23   23   15
012 00   37   46   45
013 15   26   49   38
014 44   11   30   35
015 39   10   45   41
016 23   38   03   16
017 68   24   50   22
018 33   18   13   44
019 37   33   35   50
020 25   29   24   38
021 33   13   23   39
022 20   40   39   43
023 25   15   18   21
024 34   46   34   40
025 42   22   17   42
026 33   30   37   04
027 36   43   37   30
028 21   32   42   30
029 18   20   05   36
030 33   30   20   28
031 29   20   22   18
032 25   39   34   28
033 32   29   41   36
034 22   19   40   44
035 16   29   20   52
036 30   38   22   08
037 26   12   52   60
038 27   30   60   27
039 14   13   35   24
040 30   25   35   18
041 17   38   47   22
042 25   32   40   40
043 15   38   40   20
044 48   47   54   21
045 09   39   26   25
046 19   32   63   30
047 24   23   56   30
048 30   32   21   18
049 19   13   25   30
050 14   21   14   42
051 27   28   20   33
052 41   33   15   05
053 23   46   02   39
054 24   07   07   28
055 13   13   31   66
056 14   23   21   20
057 18   00   32   23
058 20   05   26   24
059 34   32   35   36
060 20   30   34   36
061 29   34   37   32
062 30   24   20   48
063 34   36   32   39
064 48   30   59   50
065 26   28   29   58
066 47   13   20   34
067 19   35   31   30
068 30   20   22   38
069 23   11   47   16
070 23   27   37   30
071 31   45   28   32
072 00   12   47   15
073 15   31   32   40
074 14   22   23   58
075 19   05   15   21
076 19   35   27   26
077 32   26   35   20
078 15   48   47   52
079 18   29   29   50
080 19   36   34   28
081 37   12   38   40
082 14   20   52   33
083 10   30   38   05
084 17   27   25   30
085 41   22   35   30
086 02   27   35   38
087 19   30   18   52
088 23   28   55   29
089 52   46   42   42
090 48   24   22   28
091 33   44   47   13
092 35   25   40   25
093 32   19   30   21
094 19   35   20   40
095 30   37   37   15
096 30   12   37   36
097 31   42   32   38
098 25   66   27   34
099 05   49   24   27
100 06   30   07   09
