NP-16 1969
row jan  feb  mar  apr  may  sep  oct  nov  dec
    (20) (20) (20) (20) (20) (20) (20) (20) (20)
001 23   20   31   36   28   26   19   22   20
002 17   08   26   34   45   50   47   24   25
003 23   17   02   50   30   14   36   28   40
004 29   51   07   39   17   13   18   22   27
005 41   53   37   41   71   14   26   48   44
006 19   30   46   39   40   06   34   12   12
007 23   05   22   09   83   16   10   12   35
008 28   27   30   16   64   07   14   50   32
009 39   41   15   15   63   10   52   23   20
010 22   52   58   24   50   22   35   36   41
011 20   09   18   54   15   12   49   45   65
012 35   17   62   59   90   14   30   50   63
013 21   40   11   49   46   11   31   68   69
014 40   12   40   41   30   15   52   49   72
015 03   29   15   10   40   26   42   48   38
016 55   32   08   16   15   11   33   13   33
017 39   16   02   04   10   13   29   26   13
018 07   63   57   70   31   18   37   19   27
019 22   27   31   63   36   32   30   17   32
020 25   20   14   42   41   20   38   24   38
021 36   37   15   86   47   25   44   23   14
022 04   42   20   64   28   10   32   45   47
023 19   02   38   66   41   16   43   13   48
024 05   16   22   45   28   19   27   32   40
025 29   19   10   56   80   30   22   43   29
026 07   25   40   27   20   28   40   43   13
027 37   04   20   45   51   22   32   38   23
028 26   08   42   74   19   23   45   40   46
029 02   22   47   90   76   19   37   55   12
030 39   33   46   58   47   36   52   47   63
031 34   21   32   49   31   09   48   31   28
032 23   36   37   50   11   15   45   41   24
033 40   57   51   65   67   16   19   36   62
034 03   02   64   50   32   27   08   37   49
035 11   32   18   15   61   09   44   82   10
036 33   13   22   37   68   08   59   16   43
037 40   42   02   23   28   17   13   60   23
038 46   19   11   22   49   12   46   49   27
039 04   17   05   25   44   11   25   36   30
040 28   27   30   26   29   35   48   15   49
041 31   52   31   46   60   15   27   36   36
042 25   18   18   37   38   20   15   40   29
043 30   20   62   25   56   23   28   11   44
044 25   42   57   55   54   27   65   40   61
045 20   17   58   60   50   17   41   43   33
046 17   13   42   17   27   23   53   32   29
047 49   31   12   20   06   18   47   18   45
048 25   26   26   46   40   33   42   48   57
049 16   20   14   40   42   36   13   19   32
050 20   15   32   40   29   17   42   28   19
051 37   07   22   46   50   23   31   13   07
052 38   30   02   59   08   23   29   64   15
053 42   28   05   40   28   36   28   32   30
054 54   37   24   32   53   33   24   37   08
055 33   22   56   55   65   13   42   39   20
056 14   34   08   50   20   10   45   42   40
057 43   02   45   46   18   22   65   54   48
058 33   18   62   19   35   17   28   33   51
059 07   43   18   45   59   16   32   20   58
060 19   44   24   50   47   18   27   39   64
061 32   32   54   33   66   28   15   55   20
062 37   16   06   51   67   08   55   57   67
063 61   34   03   47   32   16   57   15   52
064 51   23   21   52   05   17   52   39   17
065 03   37   15   18   15   27   15   46   11
066 30   43   28   20   05   38   22   24   43
067 44   40   39   49   30   15   17   42   66
068 46   24   41   24   22   10   42   17   34
069 10   25   15   40   19   11   47   10   42
070 25   18   18   39   54   40   45   19   34
071 20   27   12   19   63   35   10   52   30
072 25   25   34   06   63   35   10   37   45
073 07   60   24   44   58   12   23   54   52
074 03   02   02   23   24   31   17   22   51
075 40   11   08   62   37   22   32   55   28
076 07   13   12   63   09   29   33   46   22
077 47   52   15   48   54   19   23   45   32
078 06   22   04   38   24   13   36   36   48
079 10   15   41   13   68   06   57   20   16
080 38   45   33   48   30   15   47   32   34
081 03   17   16   48   27   32   56   09   47
082 18   41   30   36   57   18   12   14   15
083 07   32   24   22   73   12   07   42   12
084 43   08   27   61   56   09   23   50   66
085 22   20   29   35   60   38   31   16   14
086 37   10   12   39   48   19   24   08   13
087 13   39   33   17   26   18   10   42   11
088 14   36   21   25   24   32   30   61   55
089 38   23   31   38   54   38   39   40   61
090 27   24   30   37   27   20   30   35   19
091 18   13   28   10   50   30   44   29   15
092 04   49   24   38   46   06   26   29   17
093 07   37   15   07   42   15   53   55   33
094 42   28   03   11   40   12   68   16   55
095 36   30   08   28   51   23   49   32   36
096 23   19   24   08   12   44   13   12   30
097 16   08   45   26   50   19   26   38   26
098 25   21   49   45   50   21   32   32   35
099 39   16   24   52   18   17   53   23   26
100 15   30   16   51   24   20   39   43   20
