NP-12 1965
row feb  mar
    (01) (02)
001 28   48
002 40   35
003 33   38
004 18   27
005 30   14
006 21   14
007 48   42
008 38   17
009 35   21
010 27   30
011 20   21
012 38   45
013 45   65
014 20   21
015 56   56
016 32   14
017 31   30
018 21   18
019 18   24
020 31   49
021 41   43
022 25   45
023 43   37
024 41   39
025 23   26
026 35   06
027 15   32
028 37   37
029 42   45
030 15   27
031 25   40
032 30   32
033 21   41
034 27   41
035 41   23
036 31   21
037 23   23
038 33   32
039 37   52
040 40   36
041 33   19
042 40   13
043 35   38
044 21   22
045 23   38
046 39   46
047 25   32
048 38   44
049 27   01
050 33   13
051 21   32
052 33   31
053 22   39
054 38   44
055 35   33
056 51   60
057 39   42
058 41   42
059 37   50
060 21   16
061 34   21
062 21   33
063 33   34
064 31   04
065 43   31
066 25   43
067 30   25
068 04   30
069 38   46
070 35   33
071 39   40
072 17   12
073 31   26
074 23   45
075 15   41
076 18   44
077 39   30
078 27   22
079 43   35
080 28   42
081 16   12
082 17   30
083 21   25
084 35   17
085 25   35
086 42   42
087 32   26
088 26   28
089 21   20
090 28   32
091 28   28
092 19   30
093 30   18
094 18   19
095 50   50
096 42   53
097 47   42
098 33   16
099 18   23
100 23   33
