NP-10 1963
row feb  mar  apr
    (02) (03) (01)
001 26   30   29
002 33   58   54
003 46   50   46
004 31   41   39
005 23   37   40
006 13   38   35
007 29   22   24
008 44   31   26
009 38   25   28
010 35   35   30
011 36   36   34
012 35   44   46
013 37   45   44
014 40   12   10
015 30   17   18
016 28   37   35
017 36   50   48
018 25   47   50
019 20   34   32
020 40   16   18
021 32   18   15
022 28   22   20
023 27   23   25
024 16   23   24
025 26   24   22
026 23   10   15
027 32   44   46
028 28   36   34
029 29   50   48
030 12   32   30
031 21   35   34
032 41   42   38
033 21   45   40
034 41   44   46
035 25   21   20
036 26   10   15
037 27   27   29
038 30   25   23
039 45   08   06
040 10   28   31
041 24   30   25
042 32   23   32
043 14   22   25
044 26   21   23
045 18   24   25
046 18   28   30
047 28   38   36
048 34   45   44
049 23   25   28
050 36   30   32
051 15   41   40
052 24   30   28
053 50   40   38
054 37   33   38
055 27   41   42
056 25   40   45
057 06   41   35
058 30   28   30
059 31   28   26
060 28   35   38
061 19   32   27
062 42   31   32
063 38   30   35
064 21   38   36
065 24   23   34
066 24   35   40
067 08   40   42
068 33   18   20
069 15   20   18
070 30   29   31
071 20   27   20
072 44   48   47
073 47   19   21
074 32   44   40
075 24   44   40
076 14   08   10
077 16   10   12
078 32   22   23
079 17   40   43
080 13   40   45
081 11   20   24
082 13   44   46
083 14   22   20
084 41   16   18
085 26   31   26
086 26   09   11
087 08   21   20
088 37   33   35
089 45   39   42
090 12   16   18
091 26   10  -99
092 10   33  -99
093 50   23  -99
094 26   27  -99
095 24   20  -99
096 05   45  -99
097 10   16  -99
098 35   09  -99
099 32   24  -99
100 11   25  -99
