NP-13 1965
row jan  feb  apr  may  jul  sep  oct
    (29) (27) (29) (31) (02) (10) (02)
001 27   36   30   058  14   09   14
002 02   19   30   038  18   05   16
003 19   22   26   011  53   07   08
004 43   10   10   026  13   03   15
005 48   44   18   074  27   04   20
006 15   53   04   062  10   01   18
007 35   11   04   064  42   01   05
008 33   61   21   058  10   01   06
009 24   21   04   004  21   03   04
010 40   40   05   022  14   02   06
011 10   60   39   020  16   03   06
012 30   18   48   042  18   02   14
013 03   59   42   010  20   05   08
014 57   59   19   060  21   03   07
015 02   20   57   048  07   02   09
016 36   10   26   058  07   03   07
017 53   22   52   050  17   02   04
018 54   47   53   050  14   01   07
019 36   11   20   048  08   10   24
020 41   49   38   068  18   02   06
021 16   52   72   018  36   10   07
022 23   45   08   066  36   03   08
023 42   59   48   066  10   03   06
024 38   44   46   030  20   04   07
025 43   51   37   068  09   04   09
026 25   19   49   044  29   04   12
027 44   41   18   082  15   04   07
028 33   11   37   062  40   04   07
029 48   70   66   027  10   04   07
030 24   28   23   066  08   05   08
031 62   31   33   056  35   02   09
032 03   21   50   005  10   02   06
033 09   66   56   032  18   01   06
034 17   28   52   015  09   01   07
035 11   06   28   054  08   01   09
036 12   25   58   126  14   04   10
037 02   11   28   094  18   05   26
038 17   16   23   024  19   04   14
039 25   19   32   041  05   14   17
040 59   41   36   020  26   04   15
041 46   62   35   022  10   05   10
042 39   77   56   048  16   07   18
043 39   59   70   010  26   03   07
044 36   68   94   021  32   03   07
045 48   62   30   054  46   25   18
046 46   41   82   044  76   09   09
047 37   01   60   012  05   10   07
048 36   09   36   018  50   04   17
049 37   52   21   036  40   09   07
050 46   58   22   034  21   04   08
051 62   58   70   044  08   03   12
052 49   47   78   044  15   04   09
053 39   33   64   052  20   03   20
054 46   01   22   036  14   04   07
055 02   03   10   037  25   01   06
056 66   10   02   042  29   01   17
057 41   37   45   042  26   09   10
058 22   17   59   036  20   05   09
059 39   18   67   010  05   05   09
060 34   41   43   016  36   12   09
061 54   31   66   042  50   07   11
062 24   39   16   058  11   03   11
063 23   53   18   064  08   01   06
064 16   46   30   049  15   04   05
065 02   56   26   030  08   09   07
066 47   22   45   008  11   04   14
067 39   57   52   045  14   04   07
068 47   46   16   059  11   04   12
069 13   48   48   042  25   04   11
070 29   43   51   044  09   04   11
071 19   41   42   014  12   02   15
072 25   46   59   024  11   01   10
073 19   40   10   032  05   03   06
074 25   13   32   005  16   03   21
075 56   60   40   030  23   08   07
076 49   87   28   016  09   05   06
077 36   09   10   032  06   04   09
078 67   42   87   029  11   05   08
079 33   35   20   028  20   04   07
080 25   43   72   026  14   03   08
081 29   35   37   042  09   11   06
082 28   57   32   048  19   04   11
083 50   48   44   013  33   05   08
084 09   01   64   016  22   04   16
085 24   09   02   056  16   04   11
086 46   39   06   026  29   04   08
087 45   63   33   053  08   05   18
088 49   20   40   016  11   01   08
089 20   19   88   064  16   04   06
090 42   35   61   079  20   04   10
091 29   18   69   041  21   04   14
092 03   54   67   060  07   05   20
093 53   45   08   028  06   05   11
094 39   80   24   062  14   02   10
095 49   49   32   062  10   02   06
096 29   30   37   046  11   02   08
097 02   59   14   042  14   01   10
098 33   21   40   093  07   03   07
099 02   21   19   058  10   04   12
100 49   33   51   075  10   07   09
