NP-16 1968
row may  jun  sep  oct  nov  dec
    (20) (19) (20) (20) (20) (20)
001 045  28   22   10   37   027
002 041  30   25   08   37   003
003 032  44   14   37   24   045
004 010  53   30   06   35   039
005 076  08   21   15   30   032
006 066  92   12   33   08   010
007 041  21   26   31   27   026
008 046  25   09   42   01   003
009 068  48   16   47   15   034
010 032  26   12   31   32   019
011 030  26   46   36   13   010
012 050  40   25   25   02   021
013 072  51   26   38   23   006
014 062  39   08   17   23   021
015 056  52   06   36   13   038
016 028  48   16   24   43   054
017 058  62   35   18   02   002
018 042  68   19   28   53   039
019 023  62   35   24   38   022
020 015  24   42   16   20   033
021 027  40   07   26   05   006
022 030  08   16   19   18   128
023 029  14   10   21   46   032
024 029  25   08   15   25   042
025 002  31   05   03   45   013
026 041  61   13   20   35   032
027 027  54   11   06   05   041
028 001  56   09   25   01   053
029 042  27   30   44   02   037
030 036  35   10   27   24   036
031 018  46   10   43   18   017
032 058  22   00   34   24   045
033 002  20   07   10   10   003
034 026  04   37   44   46   005
035 053  27   02   06   23   046
036 021  65   08   18   38   039
037 070  55   04   25   40   006
038 018  30   09   09   17   001
039 050  45   05   14   28   019
040 012  04   27   17   13   024
041 047  30   03   45   35   044
042 059  25   05   10   35   028
043 061  51   03   19   44   021
044 036  62   35   06   10   040
045 015  35   26   09   37   024
046 011  07   30   11   35   023
047 039  36   14   11   02   004
048 077  60   47   36   35   038
049 057  30   19   05   01   032
050 030  03   22   18   29   041
051 108  56   36   05   23   026
052 052  04   26   13   27   037
053 018  06   17   21   02   012
054 080  44   12   22   40   012
055 066  53   31   18   20   021
056 079  44   31   11   21   036
057 091  58   27   09   41   042
058 084  16   01   36   01   006
059 034  22   11   05   17   002
060 029  07   14   31   10   017
061 107  24   03   36   22   009
062 052  24   18   17   43   025
063 052  40   28   16   19   043
064 043  15   26   29   03   045
065 065  27   01   00   19   002
066 001  03   12   30   30   029
067 059  50   26   16   07   050
068 022  41   38   02   15   059
069 068  53   26   14   33   036
070 033  10   37   12   14   031
071 032  14   21   00   41   015
072 033  12   25   21   17   018
073 036  14   19   08   05   048
074 054  53   41   35   30   024
075 075  15   12   16   01   019
076 026  35   33   13   13   016
077 039  49   24   31   50   024
078 025  10   03   42   32   029
079 017  14   40   33   20   024
080 038  50   20   15   20   030
081 022  14   15   23   08   038
082 030  15   01   19   20   002
083 016  10   01   29   30   025
084 022  22   25   24   40   036
085 090  72   22   03   27   028
086 083  16   30   27   05   006
087 083  08   19   22   21   003
088 035  04   17   10   18   018
089 005  41   35   19   35   003
090 030  31   18   21   39   035
091 041  35   20   40   26   021
092 029  75   18   06   02   038
093 045  20   23   10   44   027
094 014  14   00   21   20   022
095 066  35   24   05   17   018
096 003  28   01   12   38   040
097 064  15   42   26   03   028
098 056  06   06   00   35   022
099 034  24   10   09   33   016
100 035  66   24   20   20   022
