NP-16 1970
row jan  feb  mar  apr  may  jun  jul  aug  sep  oct  nov  dec
    (20) (20) (20) (20) (20) (20) (20) (20) (20) (20) (20) (20)
001 22   25   54   097  085  108  07   06   19   23   38   30
002 34   59   53   074  064  100  09   04   21   34   46   35
003 42   55   20   067  022  063  00   05   24   19   25   39
004 30   39   20   010  029  026  00   07   05   29   24   35
005 53   18   41   072  029  051  00   06   09   04   10   30
006 14   18   15   042  065  070  10   00   16   15   43   36
007 29   38   27   051  064  061  08   00   08   30   49   17
008 35   37   14   047  029  055  00   00   05   26   43   34
009 53   70   43   066  058  052  00   09   15   44   58   12
010 33   40   32   039  058  032  00   03   08   33   43   20
011 58   61   30   065  016  062  00   00   15   16   71   51
012 69   47   23   068  060  037  03   00   19   33   23   36
013 52   55   42   026  070  057  05   04   17   36   42   35
014 22   57   77   027  029  059  00   05   24   27   63   56
015 44   25   34   075  067  023  00   00   25   46   33   53
016 51   47   47   027  066  070  07   00   27   50   32   58
017 12   07   26   022  008  071  07   03   35   38   30   46
018 36   28   48   031  065  068  08   02   19   47   42   08
019 30   19   26   012  066  062  03   06   12   53   27   57
020 29   46   32   032  026  061  04   04   26   40   42   25
021 42   37   31   064  036  065  05   03   26   37   15   65
022 39   28   30   062  065  065  10   18   36   50   19   65
023 59   46   42   050  033  057  11   05   11   51   40   70
024 30   58   37   069  052  070  07   03   11   50   38   58
025 13   54   45   039  067  069  00   04   13   37   50   35
026 42   16   42   011  077  045  00   00   10   55   29   46
027 45   17   16   066  051  052  00   00   06   38   37   17
028 30   24   56   038  040  041  08   04   05   40   55   33
029 56   19   65   060  009  032  12   06   06   35   46   44
030 63   46   47   035  042  027  09   07   09   36   60   22
031 20   55   15   008  071  063  07   00   22   37   40   21
032 30   67   28   077  068  069  12   00   06   16   31   35
033 48   69   86   032  076  035  00   05   05   15   47   48
034 19   27   47   066  092  030  00   00   09   26   38   40
035 39   28   09   017  052  037  06   00   05   10   56   33
036 20   65   50   043  081  049  00   00   04   09   23   25
037 33   25   20   049  104  076  00   00   04   20   42   21
038 46   15   47   076  035  076  00   00   07   31   36   16
039 12   60   58   107  060  035  00   00   28   43   27   24
040 70   32   41   056  060  019  00   00   05   20   37   57
041 55   12   25   067  076  095  00   00   08   25   56   15
042 46   46   40   064  039  062  07   00   08   11   65   41
043 30   65   38   060  061  096  05   00   05   23   67   53
044 40   35   73   067  061  047  11   00   05   17   75   34
045 42   24   59   020  010  083  00   15   07   36   45   36
046 40   35   39   060  060  065  00   03   07   19   39   08
047 48   14   30   064  071  073  03   06   07   20   30   17
048 36   35   65   072  095  078  04   00   09   35   54   20
049 48   38   42   062  014  048  00   00   07   10   30   19
050 28   30   39   050  039  062  14   00   15   17   21   27
051 34   65   37   050  022  062  10   07   12   23   45   57
052 27   75   47   041  038  063  03   03   20   30   43   38
053 25   54   74   065  083  060  00   00   08   25   50   32
054 29   35   44   066  082  076  00   00   15   23   59   36
055 38   12   65   078  065  038  00   06   15   34   63   16
056 41   40   79   080  066  030  06   11   15   30   68   69
057 23   38   35   098  078  043  08   05   20   23   62   60
058 28   94   18   080  112  035  11   09   11   34   62   65
059 32   50   08   055  059  069  06   12   06   30   58   20
060 37   42   38   025  060  081  02   02   17   16   58   35
061 39   47   35   043  079  016  03   07   07   08   49   36
062 33   58   60   034  061  061  10   09   21   08   40   54
063 42   32   53   043  070  046  05   10   05   34   44   46
064 60   55   22   048  123  046  04   06   11   25   36   55
065 78   58   35   050  086  095  11   26   15   15   50   80
066 51   15   50   048  092  080  05   10   10   06   54   41
067 26   50   49   048  109  098  05   00   15   20   57   70
068 54   47   20   043  070  086  00   07   08   48   33   76
069 22   18   37   035  107  078  00   03   10   37   32   82
070 13   28   29   035  058  073  00   00   07   35   29   57
071 41   57   27   042  078  087  04   00   30   47   27   83
072 54   43   31   032  088  068  06   03   10   26   23   65
073 52   20   20   050  059  121  06   07   05   10   20   13
074 49   66   10   053  075  088  00   04   06   17   17   34
075 21   28   51   037  025  091  06   06   15   08   16   32
076 32   20   31   043  012  059  09   03   09   48   08   80
077 50   49   52   058  074  052  08   06   10   09   28   43
078 40   09   10   049  062  023  03   05   06   20   43   55
079 57   50   22   086  064  045  00   13   26   23   46   46
080 40   37   36   050  033  055  00   10   14   47   48   37
081 13   50   28   051  040  085  00   05   22   13   53   28
082 41   25   50   077  073  090  00   09   10   28   58   30
083 25   48   26   070  059  116  15   04   08   40   47   47
084 12   14   40   100  078  017  07   00   07   32   51   44
085 12   23   20   025  077  068  04   05   18   29   47   38
086 21   38   18   050  031  069  00   20   09   30   63   36
087 10   27   19   008  016  053  03   05   20   30   71   33
088 51   15   57   060  048  040  08   04   08   19   59   16
089 08   28   68   070  105  010  07   06   24   45   55   73
090 10   19   26   040  056  055  10   04   19   26   18   37
091 43   18   70   068  070  085  07   04   23   10   40   32
092 46   42   46   072  023  083  12   04   25   17   51   28
093 14   28   13   091  074  080  03   08   08   29   21   30
094 32   23   37   029  071  019  05   03   07   19   25   32
095 27   50   21   028  021  046  09   00   02   34   38   57
096 23   37   40   087  028  023  08   00   19   38   27   20
097 24   40   52   036  075  083  12   15   28   37   45   42
098 39   38   38   067  075  076  05   12   13   46   37   66
099 19   30   41   067  060  053  27   08   18   37   42   60
100 38   21   44   061  047  044  15   09   15   25   40   43
