NP-19 1970
row jan  nov  dec
    (31) (30) (30)
001 10   18   12
002 17   29   13
003 22   39   50
004 10   46   33
005 20   28   36
006 23   50   21
007 13   20   17
008 25   50   50
009 30   31   10
010 24   20   26
011 22   18   20
012 21   32   26
013 35   35   26
014 33   33   46
015 07   32   30
016 36   50   58
017 13   53   57
018 11   34   50
019 10   27   40
020 13   47   37
021 07   48   30
022 30   32   33
023 09   48   46
024 15   36   34
025 44   30   29
026 39   16   51
027 36   20   51
028 25   36   46
029 38   34   43
030 09   22   37
031 14   28   48
032 28   41   46
033 24   25   59
034 07   48   36
035 16   56   26
036 41   62   36
037 19   40   27
038 24   32   31
039 09   56   27
040 10   37   36
041 24   54   69
042 06   32   70
043 28   30   77
044 21   15   90
045 16   27   27
046 31   45   26
047 28   51   19
048 17   75   17
049 28   90   14
050 17   62   32
051 18   48   30
052 12   33   50
053 48   22   40
054 20   26   61
055 20   20   37
056 22   14   50
057 15   21   59
058 11   12   72
059 23   36   23
060 28   34   28
061 76   37   27
062 60   31   28
063 04   33   28
064 14   54   29
065 14   23   33
066 33   29   34
067 08   34   37
068 44   23   49
069 11   26   42
070 30   12   45
071 07   12   13
072 18   50   26
073 20   47   36
074 11   18   49
075 14   19   23
076 48   20   44
077 10   30   20
078 13   20   22
079 15   10   13
080 25   28   46
081 25   26   38
082 19   27   33
083 22   42   39
084 12   34   30
085 05   36   30
086 09   66   60
087 33   94   90
088 27   42   35
089 14   45   36
090 37   30   20
091 51   95   27
092 25   12   30
093 50   15   37
094 08   13   31
095 57   15   24
096 18   16   27
097 15   17   20
098 08   13   34
099 11   12   20
100 36   24   20
