NP-19 1971
row jan  feb  mar  may  nov  dec
    (31) (28) (31) (22) (14) (02)
001 024  038  055  055  025  45
002 048  070  076  056  023  31
003 036  067  080  028  045  30
004 025  046  045  029  011  52
005 027  053  050  058  008  17
006 059  060  043  056  026  08
007 021  043  050  031  016  15
008 038  037  036  029  032  27
009 017  020  033  038  018  03
010 028  047  041  037  020  21
011 026  050  039  037  031  10
012 052  024  060  042  025  32
013 060  047  066  027  010  30
014 052  051  066  130  003  03
015 053  090  043  038  030  03
016 040  040  055  032  021  20
017 047  045  025  036  018  10
018 053  028  058  029  038  25
019 039  051  037  034  025  40
020 036  031  026  035  005  10
021 017  027  026  030  007  32
022 011  034  036  040  009  03
023 018  040  040  048  002  10
024 010  040  039  052  007  04
025 028  040  027  040  028  28
026 033  034  044  048  025  42
027 035  040  036  026  020  36
028 020  110  080  035  012  19
029 060  025  030  026  023  35
030 025  031  024  076  015  39
031 010  082  032  048  016  22
032 049  060  038  030  008  15
033 047  042  036  048  027  08
034 041  050  040  051  028  17
035 050  024  032  032  010  14
036 027  030  042  027  016  20
037 036  050  030  030  020  18
038 047  020  020  022  033  17
039 027  026  035  027  030  30
040 046  023  036  025  022  18
041 033  037  052  030  020  22
042 056  046  048  036  018  25
043 057  024  027  031  008  09
044 036  017  040  029  023  28
045 010  027  048  040  018  07
046 047  040  037  058  027  05
047 061  046  031  047  018  10
048 017  037  040  082  020  01
049 044  024  045  040  020  15
050 028  022  038  038  030  27
051 031  030  030  040  100  97
052 067  032  040  053  073  93
053 050  030  060  050  008  16
054 041  040  061  025  018  22
055 054  047  040  027  003  18
056 040  028  049  020  008  60
057 041  030  080  031  060  80
058 040  037  080  041  080  45
059 037  042  050  033  040  92
060 028  030  060  051  090  80
061 015  024  050  042  018  63
062 018  042  060  057  018  27
063 027  033  032  057  003  09
064 020  026  028  048  003  04
065 029  020  028  036  006  18
066 024  040  032  032  020  40
067 012  050  050  042  030  20
068 088  042  050  039  030  41
069 087  030  020  040  021  01
070 082  035  070  036  018  03
071 020  030  030  040  003  03
072 036  026  090  035  014  04
073 040  028  040  037  020  24
074 067  034  052  035  022  25
075 022  037  032  018  013  18
076 020  022  027  024  015  10
077 016  028  053  037  014  19
078 028  034  041  049  018  20
079 025  019  033  048  020  15
080 010  026  030  146  014  27
081 030  027  030  130  040  60
082 038  048  037  128  003  53
083 032  044  028  079  019  40
084 049  050  033  024  018  27
085 043  029  028  046  004  05
086 038  100  027  028  014  32
087 036  100  020  029  023  32
088 028  100  027  038  018  10
089 020  080  030  037  029  25
090 036  060  032  050  007  10
091 042  020  017  027  022  20
092 031  023  043  046  051  24
093 035  029  110  031  027  32
094 039  050  060  037  008  20
095 031  025  040  036  023  41
096 030  034  038  028  017  10
097 029  025  032  020  013  15
098 037  028  041  040  018  13
099 017  030  023  071  003  03
100 026  021  034  130  006  33
