NP-16 1971
row jan  feb  mar  apr  jun  sep  oct  nov  dec
    (20) (20) (20) (20) (20) (20) (20) (20) (20)
001 41   46   45   65   49   24   18   30   56
002 54   57   54   69   59   26   13   27   80
003 28   52   63   48   48   32   18   52   42
004 25   25   63   68   62   37   15   07   43
005 14   54   83   33   42   32   10   15   49
006 49   39   15   35   70   22   38   47   51
007 48   50   66   64   51   43   11   18   12
008 43   66   85   65   19   34   38   47   07
009 53   50   70   45   11   27   33   35   10
010 33   15   62   61   49   35   28   41   33
011 61   57   36   60   53   28   30   27   43
012 82   20   26   66   33   36   33   44   47
013 46   55   63   58   35   22   21   24   41
014 59   53   61   65   43   06   36   27   39
015 41   07   79   22   56   28   38   44   07
016 20   66   81   35   46   33   48   49   12
017 52   49   42   58   50   29   18   18   29
018 51   59   65   75   41   31   09   08   41
019 45   66   49   49   48   36   18   21   11
020 50   38   60   43   50   34   39   33   30
021 91   63   52   26   42   41   48   41   11
022 53   58   70   48   31   27   48   35   28
023 43   26   46   36   11   27   26   27   42
024 30   07   54   35   36   24   39   29   49
025 06   15   25   50   30   47   22   33   34
026 28   58   13   59   23   26   33   38   63
027 57   39   18   53   31   17   42   59   41
028 55   32   50   60   53   36   20   19   34
029 17   28   29   53   62   25   64   45   40
030 27   27   30   50   59   30   29   36   19
031 16   34   29   49   57   58   58   31   40
032 34   18   50   30   63   30   57   70   39
033 19   26   24   32   70   28   25   31   21
034 22   13   41   24   69   12   20   35   25
035 10   24   63   59   33   22   31   29   26
036 27   45   64   59   51   37   10   16   10
037 48   06   43   61   32   22   16   29   39
038 32   43   43   09   53   32   59   50   47
039 38   33   52   30   43   14   47   34   52
040 40   28   33   33   32   21   28   30   27
041 33   08   37   67   53   26   27   52   31
042 16   23   36   78   10   21   56   48   09
043 35   35   45   57   74   38   11   10   38
044 25   24   51   32   24   18   39   47   37
045 34   41   54   19   41   31   08   30   11
046 52   56   45   42   48   22   42   31   65
047 50   52   52   67   18   42   31   43   12
048 43   20   19   62   48   43   11   20   09
049 52   57   08   64   48   47   27   11   41
050 37   33   46   38   47   25   25   15   21
051 50   40   44   38   14   31   34   25   49
052 22   39   45   29   58   32   13   21   09
053 34   35   50   78   78   34   08   18   47
054 37   71   70   66   10   30   46   49   14
055 76   64   32   52   69   22   37   28   57
056 54   53   93   33   47   18   33   34   46
057 38   28   75   14   31   18   36   41   50
058 10   13   44   23   33   37   37   54   25
059 10   23   16   60   51   21   34   37   27
060 42   19   43   51   34   28   26   25   19
061 65   44   51   74   47   28   21   33   29
062 33   10   44   76   62   17   18   23   62
063 48   30   62   60   67   47   32   31   46
064 50   35   52   44   13   14   37   51   29
065 02   27   43   58   61   33   18   19   33
066 03   30   70   60   48   27   23   25   35
067 50   26   57   40   37   30   11   21   34
068 62   36   58   39   50   20   31   43   41
069 28   14   48   67   61   28   38   49   40
070 40   44   41   62   50   08   22   34   38
071 53   25   40   78   40   46   17   20   28
072 36   20   36   33   68   32   28   39   12
073 42   14   44   27   14   40   34   29   29
074 40   25   40   49   31   13   17   23   13
075 48   47   38   58   67   18   08   41   16
076 47   55   63   45   38   58   11   17   25
077 49   53   50   43   27   37   17   23   28
078 37   33   44   47   60   32   26   16   10
079 35   34   47   43   53   32   13   13   35
080 32   43   52   33   50   32   38   20   33
081 43   46   45   24   30   32   16   44   43
082 42   48   50   41   53   11   27   31   47
083 54   16   59   27   28   21   20   27   21
084 18   39   23   44   42   33   30   34   69
085 63   27   50   35   59   18   32   17   22
086 43   28   52   70   68   22   18   20   51
087 07   56   46   63   23   21   20   29   29
088 20   90   15   57   67   18   24   33   44
089 48   20   66   19   38   24   21   28   20
090 50   52   54   55   54   30   35   39   47
091 11   47   46   65   47   26   35   19   14
092 31   49   25   37   60   36   43   28   53
093 35   38   22   20   27   20   44   13   27
094 10   63   57   56   67   38   45   63   50
095 28   44   59   73   50   28   47   39   42
096 23   39   49   53   71   30   13   48   68
097 35   56   37   27   32   42   50   53   53
098 69   23   58   37   40   30   30   47   49
099 42   56   37   46   36   32   29   33   23
100 28   59   49   48   50   36   29   38   30
