NP-12 1963
row may  sep  oct  nov
    (31) (29) (31) (29)
001 33   18   40   49
002 50   25   38   51
003 13   08   18   20
004 35   08   13   16
005 45   11   06   07
006 27   21   09   10
007 57   13   41   48
008 50   03   21   25
009 68   28   20   22
010 39   07   03   06
011 41   09   06   30
012 52   17   27   16
013 42   07   24   12
014 43   15   09   22
015 68   11   07   08
016 49   16   11   13
017 52   16   03   20
018 42   06   19   06
019 56   02   17   20
020 49   11   06   13
021 55   14   14   16
022 52   26   03   08
023 15   18   06   05
024 18   13   12   18
025 36   04   18   16
026 54   20   22   25
027 28   03   13   18
028 22   04   17   10
029 02   14   24   35
030 75   15   07   07
031 21   06   04   04
032 33   14   11   16
033 49   27   36   30
034 47   16   13   33
035 00   20   08   10
036 41   21   05   15
037 28   04   23   06
038 18   17   15   28
039 72   05   20   30
040 06   16   02   13
041 69   23   08   05
042 51   27   07   16
043 53   07   12   11
044 05   23   14   19
045 62   21   25   30
046 80   24   06   09
047 84   12   12   18
048 01   08   47   24
049 68   27   14   58
050 53   10   18   14
051 32   03   08   12
052 41   16   19   08
053 53   05   05   29
054 62   20   07   15
055 03   06   10   08
056 22   15   13   12
057 42   17   26   15
058 48   16   18   33
059 43   20   09   11
060 20   26   03   06
061 02   18   07   09
062 31   20   06   05
063 05   02   09   19
064 32   10   09   26
065 69   15   16   16
066 40   10   15   22
067 52   07   17   25
068 51   06   20   18
069 21   01   25   17
070 63   20   07   23
071 50   12   23   31
072 48   16   47   35
073 45   00   50   63
074 02   15   05   57
075 22   02   21   08
076 71   01   04   24
077 14   11   44   07
078 01   08   13   04
079 37   17   43   55
080 71   02   36   60
081 65   18   08   23
082 50   46   12   10
083 08   04   09   14
084 31   27   14   19
085 27   27   15   25
086 20   24   18   24
087 35   10   23   40
088 55   17   26   35
089 47   30   28   48
090 43   06   37   26
091 21   13   40   33
092 27   23   18   40
093 30   12   19   29
094 35   06   22   28
095 45   08   28   30
096 60   13   21   21
097 21   02   30   33
098 02   11   33   40
099 18   04   34   25
100 54   06   25   35
