NP-10 1962
row nov  dec
    (29) (30)
001 26   30
002 20   24
003 27   16
004 20   18
005 13   20
006 35   25
007 10   30
008 25   16
009 19   19
010 15   21
011 20   20
012 19   24
013 48   40
014 26   38
015 25   37
016 46   21
017 24   19
018 19   18
019 13   13
020 17   14
021 18   21
022 26   10
023 40   06
024 22   14
025 37   18
026 21   16
027 12   23
028 20   29
029 10   38
030 12   22
031 16   11
032 14   19
033 42   14
034 29   25
035 12   31
036 40   18
037 12   41
038 18   37
039 15   38
040 33   41
041 18   31
042 22   16
043 32   18
044 28   22
045 37   24
046 30   31
047 10   39
048 32   16
049 12   35
050 12   24
051 31   19
052 40   20
053 20   31
054 33   36
055 39   34
056 43   32
057 41   16
058 17   25
059 10   39
060 29   17
061 15   28
062 28   34
063 26   16
064 23   31
065 22   24
066 35   24
067 32   19
068 36   12
069 33   10
070 34   08
071 25   19
072 30   25
073 42   38
074 24   17
075 57   45
076 40   40
077 33   29
078 19   34
079 25   18
080 29   10
081 30   16
082 42   28
083 51   15
084 46   31
085 34   24
086 32   08
087 20   30
088 30   25
089 33   13
090 28   19
091 35   20
092 28   16
093 65   34
094 60   50
095 40   55
096 30   41
097 27   29
098 30   34
099 50   12
100 50   18
