NP-13 1964
row may  sep  oct  nov  dec
    (30) (30) (29) (29) (30)
001 05   08   12   22   29
002 17   31   23   08   26
003 12   09   21   31   30
004 18   30   25   32   08
005 18   10   25   02   10
006 15   31   03   25   17
007 06   28   12   18   42
008 03   10   10   58   22
009 21   50   30   24   15
010 12   19   46   46   35
011 35   24   16   03   15
012 40   27   02   44   60
013 14   31   42   49   38
014 06   08   30   39   15
015 49   10   11   02   10
016 22   41   20   53   22
017 32   09   23   20   52
018 32   18   34   36   02
019 02   12   06   09   32
020 46   34   26   37   33
021 47   20   20   26   12
022 04   10   12   28   09
023 08   13   25   18   39
024 23   19   22   15   29
025 11   12   25   15   30
026 26   14   11   12   16
027 46   23   19   39   21
028 04   31   05   27   56
029 09   22   28   38   05
030 08   31   47   35   35
031 28   16   26   19   56
032 38   26   09   07   25
033 04   11   12   13   16
034 34   11   23   29   11
035 17   32   40   49   02
036 38   29   40   27   18
037 09   11   25   52   28
038 48   10   13   93   51
039 39   08   40   66   67
040 25   22   21   43   28
041 28   09   09   47   22
042 11   46   03   50   10
043 02   20   41   38   03
044 08   28   45   48   25
045 11   36   43   22   10
046 06   13   12   27   21
047 02   12   11   40   22
048 21   07   02   42   34
049 24   26   38   32   56
050 14   27   27   32   26
051 64   13   42   43   53
052 40   19   21   42   02
053 35   09   20   46   50
054 02   30   01   02   14
055 03   06   01   26   53
056 15   12   11   44   38
057 19   33   18   46   53
058 05   39   12   31   06
059 03   12   22   27   09
060 23   39   18   27   38
061 27   24   22   25   07
062 28   09   21   25   02
063 53   06   19   02   33
064 38   07   32   38   44
065 38   31   25   56   48
066 03   06   32   36   57
067 31   18   21   55   44
068 25   19   29   18   40
069 80   19   18   20   37
070 18   18   46   36   37
071 37   04   60   02   24
072 55   25   24   50   06
073 45   14   08   56   27
074 13   11   10   05   20
075 10   26   21   33   30
076 23   11   02   46   77
077 35   08   03   31   39
078 18   07   07   27   49
079 16   21   29   19   02
080 18   28   40   35   29
081 26   16   01   27   29
082 55   24   02   14   35
083 30   10   13   40   17
084 30   09   31   24   35
085 19   07   29   02   95
086 12   20   01   49   24
087 21   11   14   30   30
088 38   30   02   36   29
089 22   21   13   28   28
090 01   10   28   33   35
091 45   11   02   44   09
092 29   11   28   02   40
093 02   09   20   42   35
094 15   09   12   37   12
095 12   37   11   44   23
096 03   39   13   48   18
097 18   31   11   58   29
098 26   32   28   50   40
099 04   08   18   40   53
100 18   37   17   42   32
