NP-14 1965
row may  sep  oct
    (30) (29) (30)
001 15   18   38
002 04   25   27
003 08   20   17
004 37   14   26
005 14   21   04
006 06   05   08
007 32   11   07
008 02   15   17
009 15   13   15
010 27   23   18
011 19   12   14
012 36   13   06
013 35   08   12
014 22   11   25
015 45   10   19
016 03   15   11
017 07   14   23
018 28   20   07
019 05   14   02
020 14   09   25
021 02   14   21
022 15   04   42
023 22   28   40
024 23   12   30
025 52   11   27
026 21   12   28
027 28   14   22
028 20   12   14
029 55   19   14
030 20   14   04
031 01   22   33
032 43   07   27
033 04   06   07
034 32   17   25
035 24   11   17
036 12   13   08
037 06   19   17
038 38   10   29
039 33   15   03
040 09   13   30
041 18   14   12
042 14   12   18
043 11   22   20
044 19   10   17
045 23   15   06
046 05   12   09
047 04   14   25
048 13   11   16
049 08   10   25
050 14   14   17
051 11   09   12
052 32   26   23
053 42   13   08
054 09   12   12
055 27   14   30
056 18   12   23
057 58   14   08
058 21   12   39
059 27   14   15
060 23   20   35
061 03   14   14
062 38   24   22
063 45   09   21
064 56   13   10
065 37   16   05
066 11   13   12
067 28   15   24
068 32   07   28
069 12   11   09
070 01   31   28
071 24   11   22
072 21   14   27
073 02   17   26
074 18   27   23
075 06   13   30
076 29   16   22
077 30   14   31
078 21   12   28
079 06   15   13
080 15   14   25
081 63   12   21
082 25   13   16
083 22   16   19
084 27   15   23
085 20   15   25
086 33   12   20
087 51   07   27
088 40   13   21
089 23   11   09
090 32   12   33
091 26   14   14
092 26   10   28
093 03   12   17
094 18   19   23
095 13   09   31
096 17   26   14
097 47   44   34
098 22   29   32
099 33   20   35
100 30   15   58
