NP-13 1966
row sep
    (20)
001 19
002 32
003 26
004 43
005 01
006 27
007 04
008 13
009 12
010 09
011 31
012 06
013 17
014 40
015 54
016 15
017 10
018 02
019 22
020 38
021 18
022 18
023 04
024 07
025 11
026 27
027 06
028 09
029 12
030 37
031 03
032 30
033 22
034 04
035 26
036 07
037 06
038 24
039 08
040 22
041 13
042 12
043 34
044 20
045 12
046 08
047 16
048 31
049 09
050 12
051 36
052 25
053 23
054 22
055 32
056 03
057 34
058 17
059 19
060 39
061 11
062 04
063 08
064 25
065 04
066 08
067 06
068 06
069 09
070 12
