NP-20 1970
row sep  oct  nov  dec
    (20) (20) (20) (25)
001 08   19   26   29
002 01   23   29   35
003 07   06   08   07
004 03   13   14   27
005 04   36   42   44
006 18   09   12   16
007 00   14   29   39
008 04   22   40   41
009 10   30   29   39
010 12   02   02   04
011 05   24   29   31
012 00   15   16   22
013 11   18   28   33
014 08   18   31   35
015 09   21   20   26
016 03   34   47   50
017 07   15   18   24
018 12   10   20   21
019 06   11   16   19
020 23   04   11   09
021 11   16   07   17
022 25   13   30   34
023 02   26   44   46
024 07   20   29   34
025 04   13   25   26
026 06   18   27   38
027 08   10   13   14
028 14   12   17   19
029 11   07   09   13
030 06   14   21   27
031 18   32   39   39
032 02   12   14   24
033 07   10   27   28
034 03   24   31   33
035 08   16   19   23
036 06   11   23   27
037 04   22   37   40
038 12   21   25   29
039 10   06   18   19
040 03   24   29   36
041 00   21   30   33
042 13   28   40   41
043 05   14   19   37
044 07   16   26   33
045 04   03   05   41
046 12   26   39   04
047 06   30   35   47
048 08   17   27   29
049 09   19   26   19
050 02   13   19   27
051 16   17   21   26
052 29   34   48   50
053 07   10   20   27
054 08   14   16   18
055 03   17   27   33
056 14   20   25   26
057 02   23   33   42
058 06   02   06   12
059 16   19   28   14
060 14   17   24   34
061 11   26   33   39
062 02   14   27   31
063 04   17   21   25
064 06   22   30   34
065 10   26   36   46
066 17   13   19   19
067 21   22   28   28
068 04   14   24   34
069 00   16   23   33
070 06   23   29   29
071 10   31   39   43
072 04   21   30   33
073 07   18   31   36
074 02   09   11   13
075 01   13   24   22
076 06   21   28   38
077 18   24   12   13
078 10   28   37   47
079 00   09   27   25
080 09   14   21   32
081 04   16   20   24
082 05   26   37   37
083 06   02   04   10
084 12   05   09   06
085 12   21   35   34
086 14   26   39   46
087 04   30   40   39
088 02   17   19   18
089 08   19   21   42
090 12   28   37   45
091 07   19   24   30
092 04   20   29   32
093 21   24   23   28
094 16   24   34   38
095 13   29   36   41
096 09   15   42   41
097 03   08   18   27
098 02   23   09   14
099 08   20   41   47
100 19   11   21   25
