NP-23 1978
row jan  feb  mar  apr  sep  oct
    (19) (20) (19) (20) (20) (20)
001 51   17   37   47   17   13
002 11   34   24   15   33   47
003 14   15   29   19   29   25
004 36   45   36   32   19   18
005 48   13   41   26   24   23
006 43   20   07   38   27   26
007 34   17   34   05   19   18
008 28   44   37   38   22   11
009 31   25   29   26   17   42
010 19   26   38   22   25   24
011 42   33   49   22   16   29
012 14   36   23   22   13   17
013 46   32   12   22   22   24
014 66   17   34   36   12   26
015 31   40   46   63   18   23
016 22   15   21   08   09   23
017 32   13   15   25   13   27
018 33   26   33   29   18   34
019 54   20   45   16   12   18
020 38   17   23   16   17   33
021 23   20   39   67   54   48
022 30   22   50   29   08   22
023 27   18   33   45   16   12
024 14   08   47   28   17   10
025 42   19   35   31   14   10
026 07   36   57   58   07   29
027 31   12   54   19   26   27
028 54   43   37   06   22   23
029 26   35   25   44   14   27
030 31   66   30   36   30   32
031 21   46   41   18   11   24
032 28   07   30   37   08   08
033 06   16   19   48   24   08
034 32   44   09   36   27   14
035 09   09   20   14   26   44
036 28   43   33   37   25   43
037 13   24   10   39   06   19
038 32   21   14   36   15   63
039 32   19   54   38   15   28
040 34   41   32   53   22   30
041 32   18   27   46   11   15
042 28   23   36   35   26   12
043 21   12   16   52   20   07
044 11   44   23   25   09   17
045 12   24   25   38   19   32
046 38   32   25   21   29   43
047 27   72   16   53   13   53
048 30   15   33   13   14   17
049 32   18   12   37   20   13
050 25   24   19   28   19   28
