NP-25 1983
row jan  feb  mar  apr  sep  sep  oct  oct  oct  nov  nov  nov  dec  dec  dec
    (20) (20) (20) (20) (20) (30) (10) (20) (31) (10) (20) (30) (10) (20) (30)
001 47   42   51   54   13   17   13   20   16   14   17   17   15   17   16
002 18   21   29   50   15   13   24   25   23   27   25   21   27   23   28
003 16   41   28   31   43   44   48   46   48   47   49   50   50   50   51
004 27   22   22   18   46   48   39   45   50   52   55   60   63   62   60
005 20   43   50   41   28   41   44   30   40   40   42   43   42   43   41
006 18   19   41   21   03   17   22   30   45   41   38   40   40   40   43
007 20   49   28   43   36   39   47   44   42   43   44   41   46   47   45
008 25   29   37   21   10   25   28   26   29   32   35   35   34   35   35
009 22   56   47   45   36   47   45   44   44   44   52   50   51   54   52
010 41   18   20   24   21   38   36   45   56   54   55   57   55   58   59
011 42   21   14   16   22   25   22   24   30   35   39   35   31   35   34
012 21   62   42   35   35   40   50   51   65   61   59   60   60   60   59
013 27   40   28   16   18   27   22   25   32   35   33   34   32   35   37
014 24   47   33   52   37   35   30   34   38   37   38   37   37   37   37
015 27   51   32   33   17   24   25   25   30   29   30   28   32   30   32
016 15   37   46   27   08   18   26   25   35   38   37   40   41   40   41
017 31   26   53   55   02   10   18   18   22   27   25   23   29   25   27
018 37   57   62   42   32   33   38   40   39   37   40   41   45   46   44
019 26   50   38   27   18   27   29   32   30   34   32   29   35   36   37
020 40   35   40   45   32   41   49   51   52   57   55   55   56   52   58
021 24   41   27   56   19   30   27   25   35   33   25   40   35   40   39
022 31   61   29   31   37   38   40   40   40   42   40   38   40   41   43
023 58   49   10   12   15   10   18   18   10   12   10   20   21   19   22
024 41   40   22   44   01   01   01   01   02   02   02   01   01   01   01
025 47   47   59   53   05   15   21   20   23   22   20   25   20   25   23
026 46   32   44   62   12   01   01   01   02   01   01   01   01   01   01
027 51   30   64   64   10   09   01   08   05   03   04   07   09   06   07
028 39   47   36   29   43   45   43   41   40   45   53   55   58   58   56
029 24   31   26   28   43   50   54   54   58   57   60   65   60   65   63
030 53   45   49   51   42   51   55   55   61   62   62   62   55   63   61
031 25   18   13   32   14   23   17   30   27   34   35   36   37   40   37
032 21   39   37   44   14   20   23   22   27   26   23   30   28   35   37
033 51   30   51   25   06   16   21   11   18   16   15   16   10   17   15
034 43   45   62   53   02   15   25   23   30   29   25   31   24   31   30
035 19   37   37   49   01   01   03   01   05   04   05   08   01   05   02
036 33   21   45   44   01   10   01   01   04   06   02   20   18   26   15
037 38   24   18   35   45   45   46   40   45   49   52   50   38   45   49
038 39   40   48   46   20   33   37   39   35   36   35   37   36   42   40
039 32   28   26   38   22   28   47   21   43   40   31   40   45   50   53
040 43   26   25   25   04   10   16   17   16   20   17   23   20   27   28
041 53   36   39   46   01   05   11   05   05   05   07   18   18   18   20
042 20   10   18   18   18   30   37   35   46   48   45   41   33   44   43
043 47   09   19   47   27   38   35   32   38   35   37   38   32   36   35
044 28   14   10   13   14   17   24   26   30   31   30   34   38   34   38
045 29   45   48   47   27   36   37   35   33   37   40   38   05   41   43
046 39   28   37   36   01   09   11   09   13   12   10   10   49   09   05
047 34   47   21   30   35   59   38   48   45   49   53   47   43   47   46
048 43   36   30   23   12   35   27   28   38   38   40   31   16   38   39
049 18   24   23   38   20   18   09   15   15   17   20   12   49   18   27
050 45   30   21   26   14   14   13   15   25   22   24   28   03   15   20
