NP-22   1977
row  jan  feb  mar  apr  may  sep  oct  nov  dec
    (20) (20) (20) (20) (20) (19) (19) (20) (19)
001  32   30   35   35   42   05   23   17   10
002  18   33   19   29   27   09   31   32   36
003  23   24   33   34   32   05   15   21   25
004  26   40   27   29   34   11   20   20   22
005  29   28   26   35   47   05   20   21   26
006  34   33   31   34   35   05   10   08   12
007  37   32   30   35   40   21   36   39   37
008  27   30   27   30   30   21   53   48   57
009  28   28   21   23   37   07   20   21   16
010  19   24   19   24   30   15   17   18   18
011  26   20   23   28   31   24   42   43   57
012  24   21   37   40   38   13   26   30   36
013  44   38   32   48   39   06   28   24   44
014  28   36   30   33   30   07   20   22   61
015  26   30   24   28   28   33   54   57   24
016  38   24   27   44   52   05   11   14   13
017  27   38   37   40   38   04   06   15   17
018  26   19   24   33   41   27   55   55   61
019  38   26   27   37   39   05   38   45   50
020  18   36   38   30   36   34   49   53   59
021  21   28   29   26   28   13   41   47   50
022  29   27   27   46   37   24   25   27   37
023  35   31   30   39   42   06   14   18   26
024  38   36   38   40   41   09   17   18   23
025  29   37   35   30   38   13   16   18   20
026  18   28   24   28   28   05   13   12   16
027  38   25   28   35   31   13   13   18   22
028  25   31   35   32   26   06   10   16   23
029  25   25   34   26   26   08   21   22   25
030  17   24   30   34   35   15   20   24   23
031  39   28   30   34   33   08   20   22   21
032  23   33   35   26   27   08   33   34   32
033  26   26   25   27   31   21   34   40   45
034  31   26   29   30   30   08   16   18   17
035  14   27   40   22   23   13   19   22   25
036  32   23   24   36   32   06   25   24   35
037  34   25   23   24   28   12   27   24   31
038  24   33   36   33   35   09   23   28   26
039  34   28   22   32   38   06   16   17   25
040  27   34   34   44   28   06   29   29   21
041  29   31   36   39   38   15   32   31   31
042  34   34   33   44   46   37   56   58   63
043  30   38   42   33   30   33   36   41   50
044  32   32   34   35   26   11   26   26   29
045  20   30   33   32   38   35   31   34   55
046  15   33   51   36   35   11   28   34   31
047  37   18   38   44   46   10   19   18   18
048  21   33   37   26   31   10   25   21   28
049  26   21   37   34   29   07   20   34   29
050  15   27   29   35   28   17   26   30   29
