NP-26 1984
row jan  jan  jan  feb  feb  feb  mar  mar  mar
    (10) (20) (31) (13) (23) (29) (10) (20) (31)
001 05   11   09   15   40   41   18   10   17
002 12   09   30   30   46   43   20   60   28
003 19   15   24   44   54   65   19   19   19
004 10   09   48   21   40   34   25   42   33
005 34   37   40   52   45   30   50   44   54
006 08   09   10   09   29   46   39   55   46
007 21   14   64   60   12   17   18   53   42
008 40   48   28   25   55   40   72   22   53
009 30   27   32   49   20   31   09   35   34
010 46   50   50   59   34   49   32   43   33
011 30   39   41   44   45   49   40   60   29
012 27   25   27   51   27   53   46   28   35
013 35   40   48   57   56   33   20   55   48
014 36   36   30   37   14   48   12   38   70
015 19   15   10   41   64   25   55   64   64
016 30   33   15   24   19   15   29   36   61
017 30   28   33   17   29   53   15   07   52
018 10   10   41   56   38   11   34   51   33
019 27   32   32   20   48   50   40   14   31
020 33   27   27   58   45   53   54   22   44
021 23   27   29   55   41   68   35   35   38
022 14   13   50   68   49   21   63   38   48
023 13   10   17   30   18   35   27   64   47
024 15   17   28   21   27   40   36   43   30
025 20   23   18   25   61   47   57   36   12
026 09   11   11   35   44   48   58   17   54
027 37   33   21   14   38   17   43   52   57
028 10   07   25   40   10   27   41   55   62
029 23   25   14   49   18   30   47   28   30
030 36   41   40   48   58   58   36   60   38
031 34   39   44   20   42   25   20   52   56
032 23   24   48   52   40   17   44   56   53
033 21   17   30   16   27   23   30   26   70
034 40   44   42   12   31   11   32   68   18
035 39   35   15   15   16   53   14   07   29
036 32   31   19   50   33   60   31   47   37
037 36   33   31   45   51   47   50   15   22
038 28   30   24   60   39   39   56   47   19
039 24   20   19   19   34   45   64   60   50
040 21   19   23   38   37   44   45   30   56
041 10   14   15   28   44   49   57   18   06
042 46   45   18   30   50   47   06   22   52
043 37   34   30   71   37   11   44   15   55
044 20   20   21   41   58   23   63   30   28
045 26   30   20   42   22   37   35   55   35
046 25   25   29   12   18   28   46   40   64
047 32   28   11   28   54   23   21   70   60
048 42   37   18   48   19   53   61   68   38
049 50   47   44   52   56   47   10   12   55
050 18   20   51   52   48   32   54   39   32
