NP-25 1984
row jan  jan  jan  feb  feb  feb  mar  mar
    (10) (20) (30) (10) (20) (29) (10) (20)
001 18   17   19   23   29   26   26   23
002 21   27   25   23   24   27   29   29
003 50   33   40   45   53   55   55   58
004 74   82   78   79   82   82   85   82
005 45   44   43   49   51   54   55   53
006 42   42   44   43   45   45   46   47
007 54   51   53   51   50   52   46   45
008 35   36   36   36   39   38   38   43
009 50   52   51   52   50   55   57   54
010 55   57   58   56   55   53   65   66
011 35   39   41   46   51   50   53   55
012 59   60   62   61   63   62   67   60
013 34   38   37   39   40   39   40   44
014 50   54   52   52   54   57   60   58
015 33   35   40   40   40   40   41   40
016 54   51   55   43   57   50   56   58
017 24   22   25   23   21   21   28   29
018 45   44   43   40   45   46   30   33
019 35   28   30   33   40   39   42   43
020 54   52   50   51   50   52   56   55
021 41   45   45   46   46   44   45   44
022 40   40   43   40   41   45   41   45
023 26   18   30   32   32   25   32   35
024 02   01   01   01   01   01   01   01
025 25   35   30   33   40   29   40   29
026 01   01   01   01   04   01   01   01
027 15   17   16   14   20   19   24   25
028 66   68   70   70   76   74   78   77
029 63   63   62   64   73   73   74   71
030 63   63   66   65   69   69   70   77
031 36   36   35   40   47   42   39   37
032 42   51   49   46   47   51   56   58
033 26   27   30   30   32   28   29   30
034 37   36   37   34   35   34   37   33
035 02   06   05   09   23   20   23   26
036 16   19   17   19   19   16   18   20
037 57   62   66   62   65   63   64   62
038 50   51   60   60   57   55   60   61
039 60   58   62   63   62   58   59   58
040 38   42   43   40   42   35   38   35
041 22   18   23   20   21   22   22   24
042 47   50   51   50   49   60   58   55
043 43   40   42   45   50   46   47   47
044 45   45   46   43   45   45   46   48
045 53   55   52   55   57   54   62   60
046 12   09   07   05   17   22   22   27
047 55   53   57   60   67   65   50   69
048 42   47   46   40   27   43   50   40
049 13   15   15   21   19   22   25   16
050 33   33   35   33   21   25   28   30
