NP-27 1985
row apr  sep  oct  nov  dec
    (20) (26) (24) (11) (31)
001 28   01   09   18   22
002 34   02   05   15   18
003 19   02   10   13   20
004 26   00   07   17   13
005 35   00   09   19   22
006 43   00   11   11   23
007 20   01   06   23   19
008 19   01   05   19   14
009 23   03   08   10   17
010 32   01   06   15   21
011 34   02   08   15   24
012 21   08   09   14   34
013 45   03   05   14   30
014 47   00   06   10   19
015 34   01   07   16   25
016 24   00   12   17   26
017 20   00   06   21   32
018 27   00   07   20   27
019 24   00   07   19   20
020 30   02   05   18   23
021 33   00   06   17   27
022 22   00   06   13   31
023 49   00   07   27   15
024 50   06   09   31   27
025 28   05   07   15   33
026 27   03   08   12   31
027 32   00   04   16   29
028 29   00   04   11   51
029 40   01   06   18   32
030 37   01   07   22   28
031 35   02   05   23   30
032 23   02   09   20   21
033 28   03   08   14   19
034 20   01   10   15   18
035 42   04   13   19   23
036 51   00   12   37   57
037 63   00   09   43   44
038 43   01   09   39   38
039 24   01   06   15   36
040 19   02   07   18   42
041 28   02   07   32   39
042 23   03   08   15   21
043 34   02   12   13   23
044 37   05   23   17   26
045 33   00   10   25   27
046 31   00   12   21   19
047 27   00   09   19   32
048 29   00   08   16   33
049 35   02   08   15   30
050 32   02   08   19   22
051 47   01   09   22   28
052 40   03   10   23   25
053 20   01   10   19   18
054 68   00   10   12   16
055 57   00   07   13   34
056 51   00   05   17   40
057 31   02   09   18   23
058 22   03   11   13   27
059 27   04   08   13   20
060 29   07   07   16   34
061 40   02   09   16   29
062 24   02   09   22   35
063 27   03   11   29   32
064 21   01   13   21   29
065 33   00   15   20   24
066 38   02   09   18   27
067 45   02   07   15   21
068 46   03   07   14   32
069 34   00   10   21   35
070 30   00   09   20   23
071 30   02   06   19   28
072 27   00   06   14   29
073 21   00   07   14   20
074 28   02   09   15   32
075 32   02   06   21   19
076 27   01   06   25   18
077 25   03   08   27   37
078 20   05   08   15   19
079 29   02   10   15   21
080 27   03   12   16   25
081 42   03   17   12   24
082 43   01   10   12   18
083 40   01   13   18   23
084 30   02   09   18   32
085 27   02   12   23   37
086 33   02   10   26   41
087 41   03   10   20   30
088 37   04   09   18   27
089 24   07   09   17   21
090 25   03   12   15   21
091 27   02   08   23   24
092 32   04   11   12   20
093 34   04   09   11   18
094 39   05   09   13   17
095 41   03   10   12   15
096 43   00   12   13   21
097 40   00   05   13   27
098 35   00   05   15   23
099 31   02   09   17   31
100 24   01   10   13   19
