NP-23 1977
row oct  nov  dec
    (19) (19) (22)
001 18   35   49
002 36   40   44
003 27   35   51
004 35   27   43
005 12   17   31
006 26   28   40
007 21   34   20
008 09   50   34
009 47   18   62
010 28   14   38
011 35   54   23
012 22   22   24
013 18   41   78
014 25   30   27
015 29   34   36
016 17   13   08
017 41   45   32
018 06   56   30
019 33   15   41
020 14   30   44
021 08   20   41
022 17   36   33
023 24   37   42
024 31   33   31
025 44   30   21
026 49   46   30
027 44   14   24
028 28   64   21
029 11   21   40
030 15   10   18
031 36   15   38
032 21   19   31
033 33   22   42
034 08   43   09
035 14   12   41
036 29   25   11
037 17   19   11
038 10   22   22
039 59   41   42
040 40   38   21
041 28   32   37
042 25   21   30
043 30   12   19
044 12   23   15
045 21   14   32
046 11   20   14
047 22   43   17
048 21   26   29
049 16   06   23
050 39   41   32
