NP-29 1988
row   jun jun
     (10) (22)
001   17  12
002   45  41
003   37  33
004   40  33
005   33  33
006   40  39
007   25  11
008   31  25
009   29  21
010   28  28
011   37  37
012   43  37
013   36  26
014   08  07
015   25  25
016   24  21
017   28  27
018   47  40
019   25  23
020   30  30
021   27  21
022   26  26
023   24  23
024   31  29
025   55  48
026   25  23
027   22  19
028   02  02
029   32  26
030   48  32
031   05  05
032   33  33
033   25  24
034   20  16
035   12  12
036   22  18
037   17  16
038   58  52
039   49  48
040   06  06
041   19  16
042   13  13
043   52  46
044   22  22
045   69  58
046   20  19
047   16  16
048   25  22
049   39  38
050   50  50
051   26  25
052   25  24
053   25  25
054   33  30
055   33  31
056   13  11
057   15  12
058   23  23
059   21  20
060   17  13
061   06  06
062   32  32
063   13  13
064   28  18
065   20  20
066   28  25
067   28  10
068   13  13
069   30  24
070   24  20
071   34  29
072   48  41
073   41  37
074   43  40
075   27  23
076   34  29
077   35  32
078   44  35
079   38  32
080   09  08
081   15  13
082   45  43
083   40  32
084   33  27
085   36  29
086   53  40
087   43  28
088   15  13
089   33  22
090   53  48
091   57  44
092   50  48
093   44  37
094   36  28
095   30  27
096   44  26
097   14  13
098   19  16
099   17  17
100   04  03
