NP-22   1975
row jan  feb  mar  apr  may  jun  sep  oct  dec
    (22) (20) (20) (20) (20) (11) (20) (20) (20)
001 15   14   15   13   13   13   29   28   35
002 16   18   16   17   21   17   20   35   26
003 34   33   26   40   35   37   20   42   27
004 13   21   26   52   42   50   20   41   22
005 33   54   53   38   40   38   20   27   40
006 18   31   45   31   41   45   26   40   43
007 50   50   50   32   33   29   32   32   42
008 17   27   30   23   25   26   29   28   37
009 23   23   25   32   33   30   30   35   37
010 17   28   32   22   32   31   19   42   40
011 35   34   32   16   26   24   28   27   25
012 19   22   24   26   35   32   25   34   37
013 26   30   30   44   60   55   25   34   40
014 35   43   47   24   29   32   25   38   32
015 24   20   23   22   36   36   32   21   35
016 22   24   21   34   36   33   28   24   39
017 35   34   34   21   26   25   18   27   38
018 23   23   25   42   41   48   20   27   30
019 37   46   40   32   44   31   18   23   40
020 22   16   20   18   34   33   19   17   36
021 23   28   26   34   45   13   30   31   29
022 26   34   34   56   67   63   18   35   27
023 43   50   56   29   43   40   21   22   32
024 31   31   32   38   43   43   16   37   26
025 39   33   36   35   42   43   24   20   29
026 35   39   37   26   40   43   26   25   36
027 36   46   44   49   51   55   21   40   34
028 23   49   53   31   35   38   26   29   35
029 30   26   32   36   36   34   18   30   40
030 26   34   23   27   38   34   13   24   26
031 27   28   43   26   30   35   31   26   30
032 24   23   27   26   31   32   19   21   42
033 13   26   26   17   18   19   27   29   34
034 27   16   14   26   32   33   35   36   40
035 19   27   26   23   33   30   23   43   31
036 16   19   17   20   34   33   21   28   26
037 13   19   24   26   33   33   22   27   29
038 23   26   26   23   32   32   24   39   36
039 27   24   20   26   30   30   24   20   38
040 18   48   19   30   32   26   16   08   37
041 20   29   28   38   38   36   27   09   27
042 49   40   32   29   38   34   26   15   35
043 35   26   29   54   59   45   20   32   41
044 32   44   50   67   78   75   14   26   40
045 36   44   70   29   46   45   13   37   38
046 21   35   41   38   51   50   22   25   30
047 48   35   37   35   37   39   11   14   21
048 31   53   35   33   50   46   26   28   37
049 25   42   30   30   53   52   29   30   40
050 31   23   45   23   44   42   20   37   43
