NP-26 1985
row aug  sep  oct  nov  dec  dec
    (21) (22) (20) (20) (20) (30)
001 13   19   16   20   11   11
002 09   09   13   08   19   20
003 10   40   29   12   12   13
004 10   05   23   34   15   18
005 10   31   30   22   33   30
006 17   17   21   24   13   11
007 10   18   29   24   18   25
008 10   28   44   28   14   15
009 13   20   07   12   56   50
010 10   14   10   27   35   40
011 09   17   21   08   38   31
012 14   28   51   07   21   26
013 19   23   31   10   27   26
014 13   14   13   17   50   48
015 09   27   43   23   09   19
016 10   09   45   18   35   08
017 20   11   07   30   33   39
018 15   19   30   13   38   11
019 10   10   22   09   19   40
020 10   35   30   36   33   38
021 16   07   32   20   09   13
022 14   09   03   22   15   15
023 07   15   32   45   10   11
024 03   13   23   15   14   14
025 09   15   25   08   29   33
026 13   20   24   40   18   20
027 16   14   17   33   10   17
028 12   11   38   28   35   40
029 10   26   39   23   13   15
030 17   10   39   07   12   16
031 09   28   29   27   34   37
032 08   14   15   19   35   37
033 11   26   23   39   40   39
034 09   23   55   30   18   26
035 08   16   42   28   39   40
036 12   12   37   25   26   25
037 13   13   22   08   18   20
038 13   19   53   65   12   19
039 13   18   29   64   53   34
040 12   25   23   39   31   54
041 10   25   27   31   18   33
042 11   24   27   33   30   16
043 11   17   18   26   20   18
044 06   10   09   11   45   27
045 04   08   09   40   50   46
046 10   07   08   13   15   49
047 16   15   19   18   30   11
048 15   21   19   24   11   29
049 16   18   21   24   32   11
050 12   19   24   25   20   26
