NP-22   1974
row  oct  nov  dec
    (20) (20) (22)
001  13   12   15
002  16   17   17
003  21   30   28
004  19   17   16
005  19   33   33
006  40   32   16
007  38   42   50
008  13   16   15
009  12   15   22
010  14   15   25
011  24   28   28
012  15   16   16
013  32   31   30
014  30   35   36
015  10   19   22
016  26   18   21
017  15   35   34
018  19   21   23
019  21   28   36
020  04   09   16
021  20   23   23
022  20   26   25
023  40   44   44
024  20   22   20
025  26   26   40
026  33   30   35
027  22   26   35
028  29   33   33
029  34   35   24
030  13   18   26
031  32   30   23
032  27   32   22
033  15   26   24
034  21   22   11
035  04   20   27
036  20   07   15
037  13   27   10
038  07   15   18
039  07   11   18
040  11   19   23
041  15   19   19
042  17   18   18
043  13   18   12
044  13   16   32
045  21   26   35
046  28   35   18
047  16   16   47
048  39   47   37
049  24   20   24
050  14   16   30
