NP-22   1981
row jan  feb  mar  apr  sep  oct  nov  dec
    (20) (20) (20) (20) (19) (20) (20) (20)
001 25   24   13    23   20   14   21   22
002 17   13   20    22   19   17   24   25
003 19   20   10    05   18   17   24   25
004 35   26   10    11   16   19   25   26
005 36   17   43    41   20   23   29   29
006 19   18   31    30   21   18   25   26
007 19   10   49    38   15   15   22   23
008 33   47   27    37   20   26   33   34
009 24   42   56    50   11   21   28   29
010 23   25   35    43   17   14   21   22
011 44   23   37    17   11   20   27   28
012 30   27   42    38   14   15   22   23
013 43   32   31    44   17   23   30   31
014 53   30   75    41   18   23   30   31
015 39   27   44    18   18   20   27   28
016 13   46   34    39   17   16   26   27
017 38   43   41    49   13   19   28   29
018 23   15   33    28   16   13   21   22
019 35   50   21    20   16   15   23   24
020 32   35   45    53   14   16   24   25
021 17   34   33    35   17   14   21   22
022 44   23   22    24   17   15   26   27
023 27   23   22    25   20   20   27   28
024 26   42   34    37   16   18   25   26
025 36   32   27    13   25   13   20   21
026 38   23   36    32   21   26   33   34
027 42   38   38    49   18   26   33   34
028 41   38   43    25   12   08   15   16
029 43   64   02    18   15   09   16   17
030 39   46   11    15   18   14   21   22
031 31   36   25    27   14   15   22   23
032 28   17   22    17   20   16   27   28
033 32   18   23    20   27   30   37   38
034 30   37   45    22   20   26   33   34
035 18   10   18    27   18   14   21   22
036 26   43   82    89   20   16   23   24
037 25   46   28    50   17   16   23   24
038 22   57   50    34   16   14   21   22
039 27   49   08    29   25   10   17   18
040 32   52   44    48   15   15   22   23
041 40   49   47    59   17   17   24   25
042 36   36   37    59   16   18   25   26
043 25   23   26    33   17   15   22   23
044 67   45   35    27   12   14   21   22
045 29   00   12    68   10   13   20   21
046 29   25   12    31   12   15   22   23
047 32   35   18    10   12   17   24   25
048 24   17   29    41   19   16   23   24
049 23   20   13    33   07   13   20   21
050 28   29   17    23   19   16   23   24
