NP-22   1978
row jan  feb  mar  apr  oct  nov  dec
    (20) (19) (20) (20) (20) (20) (20)
001  15   13   12   10   12   22   48
002  37   36   35   45   12   35   50
003  19   20   17   13   14   32   53
004  20   26   27   19   13   21   34
005  24   23   27   26   11   27   44
006  14   13   10   08   17   22   37
007  39   42   40   44   11   16   20
008  54   44   38   73   13   16   32
009  20   21   20   36   06   04   18
010  25   29   23   26   04   10   12
011  62   73   72   70   03   13   11
012  44   56   55   44   07   14   27
013  45   40   38   43   10   21   20
014  23   23   23   19   06   18   10
015  63   76   70   75   07   10   17
016  31   18   28   12   12   30   27
017  18   11   16   12   08   10   17
018  61   62   70   64   13   22   22
019  66   70   68   66   12   16   25
020  60   64   62   62   10   16   24
021  61   67   68   66   19   23   35
022  29   44   36   54   20   33   27
023  42   48   46   47   15   29   29
024  22   20   27   25   12   30   36
025  24   31   32   30   14   23   28
026  25   24   23   13   09   08   18
027  29   25   25   23   08   06   15
028  21   34   30   29   08   12   15
029  32   42   40   36   18   32   32
030  23   26   27   27   09   23   21
031  23   29   28   30   07   15   18
032  35   37   35   36   16   15   20
033  44   55   57   51   06   22   19
034  19   16   16   20   16   25   31
035  23   21   22   27   07   15   13
036  36   32   34   36   19   22   22
037  36   42   43   47   11   23   21
038  38   38   39   39   09   13   14
039  23   23   23   28   12   15   22
040  33   38   33   33   11   16   15
041  36   36   76   42   10   13   08
042  80   80   78   77   08   21   12
043  44   56   45   56   07   12   13
044  29   46   39   44   08   10   11
045  36   73   52   59   07   11   13
046  33   30   33   35   10   10   04
047  21   30   30   30   10   18   17
048  23   27   26   30   08   12   12
049  30   35   27   37   09   08   08
050  42   57   32   56   10   09   10
