NP-27 1986
row jan  feb  mar  apr  jun  jun  sep  sep  sep  oct  oct  oct  nov  nov  nov  dec  dec  dec
    (31) (24) (28) (28) (17) (27) (09) (19) (27) (10) (19) (31) (06) (20) (30) (10) (21) (30)
001 23   24   23   20   10   39   18   17   15   18   24   45   31   30   14   27   35   60
002 20   23   18   21   45   08   20   15   11   15   14   29   27   30   38   36   37   36
003 22   19   20   19   57   36   08   21   23   15   16   23   23   08   08   17   05   14
004 15   17   20   23   25   31   04   23   28   11   29   40   37   30   34   37   27   25
005 19   32   34   36   45   61   10   14   02   09   10   18   17   10   08   08   08   18
006 23   19   20   21   35   08   01   07   19   02   07   23   15   15   18   19   17   12
007 20   15   16   20   71   16   01   07   10   01   16   16   33   28   26   30   32   18
008 17   12   13   15   10   29   07   17   11   11   11   27   13   24   28   13   20   06
009 19   22   22   23   15   20   19   20   20   29   25   25   35   28   34   08   30   12
010 23   28   26   25   30   44   10   10   15   11   09   25   18   17   16   19   19   16
011 24   27   28   30   31   06   01   10   23   02   02   17   28   11   16   21   09   03
012 37   37   36   31   21   20   09   09   09   04   13   07   09   11   13   08   10   08
013 29   24   25   24   06   34   11   07   11   08   14   20   10   05   09   11   06   08
014 20   23   23   22   11   11   10   11   12   10   12   18   08   12   18   16   10   14
015 23   15   16   18   30   08   21   10   09   10   08   07   15   10   11   10   09   10
016 28   19   18   17   17   08   10   26   22   12   19   06   10   11   28   09   06   13
017 34   15   17   19   10   20   24   24   30   15   17   35   10   17   06   20   19   16
018 27   17   15   15   11   20   19   17   18   07   10   23   13   08   17   04   08   17
019 20   23   24   20   26   08   16   08   18   08   18   23   16   08   19   10   08   14
020 25   27   28   30   79   09   21   10   10   06   05   11   09   06   07   07   08   07
021 26   32   30   30   53   18   17   13   24   13   09   30   37   27   30   08   18   18
022 34   31   30   27   12   12   15   04   16   09   08   06   14   11   10   20   11   15
023 16   19   18   21   50   26   14   16   20   14   08   18   16   11   13   11   10   11
024 27   30   29   32   43   18   16   11   31   13   13   31   19   09   23   15   11   10
025 35   27   28   30   25   20   22   10   10   12   07   12   09   08   10   07   07   07
026 30   52   49   53   43   21   10   08   16   09   04   28   23   09   01   07   02   03
027 29   41   50   51   32   24   08   28   10   12   25   27   22   08   08   09   02   07
028 55   37   38   39   07   43   07   09   11   08   09   13   10   08   10   23   10   09
029 34   28   30   29   24   58   17   15   25   11   19   23   21   10   11   06   12   06
030 29   30   25   26   27   06   08   08   10   10   08   10   09   09   09   06   08   05
031 30   31   31   32   52   19   15   06   11   07   10   18   13   04   15   07   15   07
032 22   32   31   30   18   24   25   07   22   12   15   11   13   10   08   08   04   07
033 19   18   20   18   19   09   09   09   11   12   10   15   14   11   11   09   11   09
034 18   43   43   46   26   53   19   21   12   10   14   10   09   08   27   10   33   15
035 25   64   65   58   07   10   25   10   16   09   10   20   20   10   10   16   06   09
036 59   67   67   64   57   07   18   10   21   14   19   19   17   18   20   09   02   08
037 44   71   78   75   19   10   10   10   16   10   07   20   10   15   22   07   10   06
038 38   42   41   40   50   16   12   11   11   13   10   18   28   19   16   20   07   15
039 37   33   34   36   31   15   10   09   20   17   16   22   11   21   04   03   12   30
040 44   28   23   26   41   06   30   27   24   19   29   33   24   27   18   24   22   18
041 43   29   28   25   10   13   08   13   11   17   18   24   19   11   27   14   16   10
042 22   32   31   30   23   21   31   10   11   08   10   14   15   09   07   09   25   16
043 23   16   19   21   60   28   11   23   28   11   09   27   37   16   15   02   02   04
044 27   18   15   17   36   05   13   19   23   15   14   43   43   40   64   38   37   57
045 29   27   27   32   48   10   17   17   24   19   20   33   34   30   35   26   10   30
046 17   32   32   27   -99    -99    -99    -99    -99    -99    -99    -99    -99    -99    -99    -99    -99    -99
047 33   30   31   30   -99    -99    -99    -99    -99    -99    -99    -99    -99    -99    -99    -99    -99    -99
048 32   25   26   28   -99    -99    -99    -99    -99    -99    -99    -99    -99    -99    -99    -99    -99    -99
049 29   29   28   25   -99    -99    -99    -99    -99    -99    -99    -99    -99    -99    -99    -99    -99    -99
050 21   31   30   27   -99    -99    -99    -99    -99    -99    -99    -99    -99    -99    -99    -99    -99    -99
051 26   21   22   23   -99    -99    -99    -99    -99    -99    -99    -99    -99    -99    -99    -99    -99    -99
052 26   20   20   18   -99    -99    -99    -99    -99    -99    -99    -99    -99    -99    -99    -99    -99    -99
053 18   19   21   21   -99    -99    -99    -99    -99    -99    -99    -99    -99    -99    -99    -99    -99    -99
054 32   35   33   34   -99    -99    -99    -99    -99    -99    -99    -99    -99    -99    -99    -99    -99    -99
055 43   42   41   40   -99    -99    -99    -99    -99    -99    -99    -99    -99    -99    -99    -99    -99    -99
056 23   37   39   37   -99    -99    -99    -99    -99    -99    -99    -99    -99    -99    -99    -99    -99    -99
057 26   26   27   25   -99    -99    -99    -99    -99    -99    -99    -99    -99    -99    -99    -99    -99    -99
058 20   24   28   32   -99    -99    -99    -99    -99    -99    -99    -99    -99    -99    -99    -99    -99    -99
059 26   25   29   30   -99    -99    -99    -99    -99    -99    -99    -99    -99    -99    -99    -99    -99    -99
060 34   19   21   24   -99    -99    -99    -99    -99    -99    -99    -99    -99    -99    -99    -99    -99    -99
061 26   24   21   19   -99    -99    -99    -99    -99    -99    -99    -99    -99    -99    -99    -99    -99    -99
062 37   32   34   37   -99    -99    -99    -99    -99    -99    -99    -99    -99    -99    -99    -99    -99    -99
063 30   35   36   36   -99    -99    -99    -99    -99    -99    -99    -99    -99    -99    -99    -99    -99    -99
064 30   30   30   29   -99    -99    -99    -99    -99    -99    -99    -99    -99    -99    -99    -99    -99    -99
065 24   24   24   25   -99    -99    -99    -99    -99    -99    -99    -99    -99    -99    -99    -99    -99    -99
066 26   27   26   27   -99    -99    -99    -99    -99    -99    -99    -99    -99    -99    -99    -99    -99    -99
067 23   22   22   20   -99    -99    -99    -99    -99    -99    -99    -99    -99    -99    -99    -99    -99    -99
068 35   20   22   24   -99    -99    -99    -99    -99    -99    -99    -99    -99    -99    -99    -99    -99    -99
069 33   33   35   33   -99    -99    -99    -99    -99    -99    -99    -99    -99    -99    -99    -99    -99    -99
070 26   28   27   29   -99    -99    -99    -99    -99    -99    -99    -99    -99    -99    -99    -99    -99    -99
071 30   29   30   35   -99    -99    -99    -99    -99    -99    -99    -99    -99    -99    -99    -99    -99    -99
072 29   31   30   29   -99    -99    -99    -99    -99    -99    -99    -99    -99    -99    -99    -99    -99    -99
073 21   28   28   30   -99    -99    -99    -99    -99    -99    -99    -99    -99    -99    -99    -99    -99    -99
074 34   43   46   47   -99    -99    -99    -99    -99    -99    -99    -99    -99    -99    -99    -99    -99    -99
075 21   40   37   39   -99    -99    -99    -99    -99    -99    -99    -99    -99    -99    -99    -99    -99    -99
076 18   19   21   20   -99    -99    -99    -99    -99    -99    -99    -99    -99    -99    -99    -99    -99    -99
077 46   32   32   33   -99    -99    -99    -99    -99    -99    -99    -99    -99    -99    -99    -99    -99    -99
078 19   40   42   45   -99    -99    -99    -99    -99    -99    -99    -99    -99    -99    -99    -99    -99    -99
079 23   31   32   30   -99    -99    -99    -99    -99    -99    -99    -99    -99    -99    -99    -99    -99    -99
080 26   30   29   29   -99    -99    -99    -99    -99    -99    -99    -99    -99    -99    -99    -99    -99    -99
081 23   27   25   27   -99    -99    -99    -99    -99    -99    -99    -99    -99    -99    -99    -99    -99    -99
082 19   24   31   27   -99    -99    -99    -99    -99    -99    -99    -99    -99    -99    -99    -99    -99    -99
083 26   20   26   21   -99    -99    -99    -99    -99    -99    -99    -99    -99    -99    -99    -99    -99    -99
084 30   18   20   26   -99    -99    -99    -99    -99    -99    -99    -99    -99    -99    -99    -99    -99    -99
085 39   16   18   21   -99    -99    -99    -99    -99    -99    -99    -99    -99    -99    -99    -99    -99    -99
086 40   24   27   37   -99    -99    -99    -99    -99    -99    -99    -99    -99    -99    -99    -99    -99    -99
087 35   28   28   32   -99    -99    -99    -99    -99    -99    -99    -99    -99    -99    -99    -99    -99    -99
088 32   36   36   37   -99    -99    -99    -99    -99    -99    -99    -99    -99    -99    -99    -99    -99    -99
089 20   31   29   24   -99    -99    -99    -99    -99    -99    -99    -99    -99    -99    -99    -99    -99    -99
090 24   29   31   36   -99    -99    -99    -99    -99    -99    -99    -99    -99    -99    -99    -99    -99    -99
091 23   25   23   -99    -99    -99    -99    -99    -99    -99    -99    -99    -99    -99    -99    -99    -99    -99
092 18   21   24   -99    -99    -99    -99    -99    -99    -99    -99    -99    -99    -99    -99    -99    -99    -99
093 20   19   17   -99    -99    -99    -99    -99    -99    -99    -99    -99    -99    -99    -99    -99    -99    -99
094 19   22   24   -99    -99    -99    -99    -99    -99    -99    -99    -99    -99    -99    -99    -99    -99    -99
095 18   21   24   -99    -99    -99    -99    -99    -99    -99    -99    -99    -99    -99    -99    -99    -99    -99
096 23   26   35   -99    -99    -99    -99    -99    -99    -99    -99    -99    -99    -99    -99    -99    -99    -99
097 30   34   30   -99    -99    -99    -99    -99    -99    -99    -99    -99    -99    -99    -99    -99    -99    -99
098 26   31   33   -99    -99    -99    -99    -99    -99    -99    -99    -99    -99    -99    -99    -99    -99    -99
099 29   27   27   -99    -99    -99    -99    -99    -99    -99    -99    -99    -99    -99    -99    -99    -99    -99
100 20   27   32   -99    -99    -99    -99    -99    -99    -99    -99    -99    -99    -99    -99    -99    -99    -99
