NP-24   1979
row jan  feb  mar
    (19) (19) (19)
001  54   50   34
002  77   21   16
003  46   22   22
004  18   26   48
005  15   41   54
006  38   47   46
007  57   31   47
008  50   18   62
009  48   24   48
010  28   30   37
011  32   17   33
012  31   04   24
013  22   33   21
014  37   32   34
015  18   28   29
016  26   82   27
017  23   42   27
018  05   19   45
019  42   31   44
020  30   31   34
021  66   38   08
022  35   32   29
023  27   43   23
024  24   31   45
025  24   40   39
026  09   41   48
027  17   43   28
028  37   14   23
029  20   33   04
030  10   42   23
031  21   56   22
032  33   54   16
033  73   49   18
034  35   25   10
035  16   42   36
036  14   29   38
037  13   51   43
038  32   45   28
039  33   55   49
040  25   26   16
041  31   53   54
042  42   41   26
043  23   63   35
044  53   16   16
045  26   36   38
046  32   17   30
047  35   29   26
048  35   11   35
049  20   28   45
050  22   25   33
