NP-25 1981
row jun  sep  oct  nov  dec
    (10) (20) (20) (20) (20)
001 19   11   10   22   16
002 32   13   11   17   20
003 18   15   18   12   11
004 02   10   08   07   23
005 08   18   18   22   17
006 15   17   22   27   27
007 11   12   14   12   18
008 36   15   24   14   16
009 07   13   08   16   19
010 45   14   15   20   15
011 26   09   20   26   19
012 22   16   09   31   20
013 00   12   13   15   23
014 11   18   19   17   24
015 42   17   12   05   16
016 08   12   14   21   18
017 20   10   22   17   41
018 15   15   06   12   15
019 18   12   11   26   14
020 41   16   11   32   14
021 10   16   16   55   21
022 02   15   23   34   20
023 09   12   15   39   15
024 00   10   07   23   16
025 24   12   14   18   18
026 36   17   23   21   22
027 27   18   09   24   21
028 33   11   16   18   23
029 32   15   19   16   14
030 07   13   20   15   17
031 29   16   08   13   21
032 12   10   14   19   15
033 19   18   20   14   24
034 00   13   11   09   23
035 22   17   15   12   18
036 28   17   21   06   24
037 01   12   07   20   16
038 00   16   10   26   08
039 10   14   09   14   15
040 21   14   16   17   18
041 30   10   18   31   18
042 27   09   07   14   17
043 28   18   19   58   22
044 13   20   22   26   23
045 34   11   15   17   18
046 19   17   23   11   17
047 37   14   07   22   28
048 08   16   16   27   30
049 11   17   21   12   25
050 30   15   08   16   24
051 23   14   14   24   25
052 11   09   19   18   21
053 17   10   11   09   18
054 23   11   15   24   26
055 09   16   22   29   19
056 11   15   07   19   19
057 03   17   10   16   22
058 23   18   16   24   27
059 04   14   24   14   28
060 16   12   14   10   29
061 19   10   16   16   30
062 16   12   23   10   24
063 27   11   14   08   26
064 13   09   08   21   18
065 00   16   18   32   19
066 09   18   21   48   27
067 16   18   15   17   25
068 11   15   24   14   21
069 18   17   08   22   20
070 23   11   15   19   27
071 11   08   20   35   26
072 07   16   09   25   22
073 04   15   13   32   21
074 01   17   11   14   19
075 29   15   18   18   27
076 21   10   07   08   23
077 37   16   19   23   20
078 22   14   22   16   17
079 18   16   15   14   26
080 14   12   23   24   24
081 24   10   20   12   23
082 04   07   06   19   24
083 18   19   16   10   16
084 08   18   19   24   21
085 11   17   12   27   26
086 17   15   14   12   27
087 21   09   21   16   32
088 08   19   07   18   36
089 04   16   10   33   29
090 20   16   16   28   30
091 31   20   08   42   30
092 06   19   18   38   33
093 00   17   14   18   27
094 07   16   23   15   35
095 23   18   09   15   19
096 14   17   21   12   29
097 17   15   08   28   27
098 09   13   14   25   34
099 29   16   18   11   35
100 30   17   12   18   30
