NP-30 1987
row  nov  nov  nov  dec  dec
    (10) (20) (30) (12) (20)
001  14   06   08   27   17
002  26   07   09   37   29
003  18   17   10   10   15
004  04   39   26   09   08
005  15   15   14   09   12
006  38   24   29   15   12
007  10   29   10   22   27
008  10   11   10   25   13
009  10   39   11   11   21
010  23   30   19   10   11
011  30   18   30   38   40
012  09   18   12   20   13
013  11   11   08   09   13
014  10   23   08   11   15
015  12   08   07   24   19
016  35   15   33   45   40
017  08   10   10   16   17
018  32   36   22   28   32
019  27   23   29   19   25
020  22   36   39   48   32
021  28   10   13   27   19
022  10   18   15   36   43
023  11   32   29   10   09
024  08   07   11   28   31
025  15   18   19   21   22
026  28   30   28   11   11
027  10   08   10   12   15
028  10   17   24   23   20
029  29   40   34   31   19
030  11   15   19   24   34
031  08   10   15   09   10
032  08   15   08   07   09
033  08   08   12   15   14
034  10   12   13   13   13
035  13   11   07   30   27
036  34   08   09   15   18
037  08   12   15   12   18
038  08   27   19   08   12
039  30   39   43   22   31
040  13   19   13   18   17
041  08   15   20   10   12
042  36   17   13   24   15
043  25   30   24   31   29
044  10   19   24   10   10
045  09   15   19   08   08
046  27   13   11   08   09
047  09   10   14   12   15
048  10   18   16   18   22
049  33   13   19   29   21
050  07   12   21   13   12
