NP-31   1991
row jan  jan  jan  feb  feb  feb  mar  mar  mar
    (10) (20) (31) (09) (20) (28) (10) (20) (31)
001  44   14   38   28   31   38   36   22   47
002  27   35   46   23   37   43   49   48   50
003  20   57   25   48   22   40   30   53   63
004  22   22   14   18   30   56   38   80   58
005  38   09   07   35   38   35   45   45   24
006  18   41   04   30   50   22   50   31   18
007  08   30   12   10   62   48   50   10   28
008  15   33   19   24   44   35   38   28   23
009  39   50   35   27   28   29   31   12   40
010  30   18   18   32   40   20   15   27   43
011  28   22   13   08   15   27   12   42   39
012  05   09   38   44   35   22   10   62   49
013  37   34   23   45   27   20   24   38   38
014  15   13   22   27   28   47   33   31   33
015  21   28   09   39   24   65   28   58   16
016  18   05   32   23   45   35   40   69   20
017  35   10   10   50   33   54   43   44   21
018  26   44   06   48   52   31   59   41   40
019  25   23   39   13   13   35   64   15   48
020  09   23   45   21   14   39   47   18   46
021  10   55   15   37   48   48   35   16   15
022  23   16   24   19   62   15   20   33   13
023  16   15   10   26   60   06   64   50   05
024  09   24   10   17   44   18   40   55   43
025  08   17   31   15   18   22   36   64   48
026  32   20   16   23   16   46   38   50   57
027  21   26   23   29   06   62   47   58   50
028  20   18   46   09   39   64   18   51   64
029  12   38   18   35   29   48   22   49   51
030  10   06   25   38   33   43   33   44   16
031  25   08   08   41   51   30   30   48   10
032  55   10   10   37   44   25   36   41   18
033  17   55   20   19   66   37   49   22   15
034  30   16   37   20   20   40   38   18   40
035  09   27   45   68   33   46   31   06   43
036  24   37   50   32   51   30   47   16   72
037  19   09   30   13   27   37   22   34   57
038  17   13   17   31   13   48   05   40   29
039  33   21   28   17   35   35   15   50   37
040  15   39   07   27   28   29   41   40   59
041  10   27   36   42   38   13   44   46   41
042  19   48   32   25   28   28   49   61   46
043  10   18   31   25   25   45   60   59   58
044  22   35   06   31   20   34   58   43   27
045  18   20   06   37   15   25   50   40   40
046  22   35   23   14   23   54   25   28   41
047  25   18   22   45   10   38   21   38   60
048  24   35   28   44   46   41   16   24   62
049  10   17   44   28   48   37   37   40   40
050  06   37   20   53   08   21   40   37   24
