NP-30 1988
row jan  jan  jan  fab  fab  fab  mch  mch  mch  apr  apr  apr  may  may  may  jun  jun  jun   aug  aug  aug sep  sep  sep  oct  oct  oct  nov  nov  nov  dec  dec  dec
    (10) (20) (31) (10) (20) (25) (09) (19) (30) (09) (21) (29) (10) (20) (31) (10) (20) (30) (10) (20) (30) (10) (20) (30) (10) (20) (31) (10) (20) (30) (10) (20) (31)
001  18   22   15   16   13   10   17   16   15   16   18   15   35   40   39   21   10   05   01   04   05   17   19   52   29   57   31   31   57   21   21   59   57
002  19   16   05   08   18   33   28   41   13   19   20   35   10   32   23   04   06   10   01   06   06   02   24   18   20   06   22   27   11   58   56   24   25
003  26   24   39   27   12   07   08   09   12   17   34   05   23   24   35   25   05   10   02   03   04   15   16   06   03   19   02   56   02   36   19   22   25
004  21   16   47   29   27   36   20   41   39   16   30   41   42   25   39   12   17   15   01   02   01   03   32   02   11   04   57   14   10   14   14   13   14
005  59   71   20   31   32   20   27   15   15   27   24   15   34   37   31   33   09   08   04   13   09   22   35   18   15   23   12   10   30   28   47   22   24
006  33   30   19   28   11   45   13   12   52   21   26   20   32   26   45   28   25   00   02   09   07   25   02   11   20   29   13   05   28   23   15   03   06
007  10   10   28   40   10   11   18   27   35   33   31   13   27   32   45   02   05   12   01   02   05   18   29   20   02   14   23   12   27   09   20   21   20
008  48   41   14   18   11   10   27   27   40   39   20   26   21   14   35   31   15   03   04   04   09   18   31   18   11   22   18   22   07   13   08   31   32
009  10   11   12   21   15   26   32   13   29   12   23   33   44   40   36   08   24   05   03   10   13   07   24   01   24   16   22   10   30   15   31   16   19
010  32   29   18   23   29   24   30   26   14   29   33   34   19   28   42   21   08   06   03   24   20   45   32   19   22   31   31   34   25   19   17   18   26
011  21   36   22   17   37   34   12   37   27   42   21   31   38   16   20   09   16   00   02   12   18   11   07   21   31   21   07   17   13   13   24   02   02
012  43   17   16   14   36   17   19   12   31   38   28   21   17   32   19   41   34   20   00   03   06   28   04   17   12   12   28   02   11   24   11   10   13
013  15   10   11   12   23   30   13   36   35   27   18   17   21   52   44   11   23   03   02   07   09   09   20   18   08   17   19   28   24   21   02   32   28
014  20   29   34   27   25   27   42   39   24   19   26   28   27   31   27   31   23   13   01   05   06   10   17   03   19   54   30   41   37   03   36   05   04
015  21   16   13   32   11   12   08   15   36   25   17   32   32   30   31   18   22   30   01   05   06   09   31   16   24   11   21   15   17   17   15   11   09
016  18   09   40   37   45   41   14   52   15   31   23   49   38   33   11   11   13   18   01   05   05   05   24   05   06   18   02   18   32   44   18   19   15
017  17   11   11   36   15   26   20   35   27   29   35   38   11   20   49   30   14   10   01   04   06   21   14   30   41   29   32   18   24   26   19   11   05
018  29   38   41   27   40   32   33   31   17   21   33   33   31   24   21   03   27   09   01   05   04   02   10   03   11   09   09   36   18   36   25   05   08
019  45   39   37   21   21   17   28   36   17   32   18   21   28   33   60   20   08   11   01   05   06   13   15   16   13   25   22   42   26   09   12   17   21
020  62   46   21   13   16   25   23   21   19   20   27   37   18   34   55   34   13   18   01   04   04   17   06   25   28   21   37   18   14   18   34   42   19
021  27   35   08   22   22   38   32   52   35   40   24   50   56   22   66   18   07   13   01   05   07   15   27   20   04   31   11   20   35   08   43   15   10
022  52   40   47   38   38   17   31   21   43   19   21   12   08   49   34   13   16   12   02   06   08   40   14   19   29   21   25   37   22   25   13   14   15
023  31   36   10   15   15   10   14   12   33   25   36   12   08   61   20   30   20   15   03   16   19   07   31   17   08   10   25   04   20   17   09   19   20
024  10   12   09   46   46   11   28   36   34   33   45   33   26   54   18   35   12   14   02   12   15   11   09   01   10   34   40   13   14   21   45   02   03
025  19   25   25   15   15   30   13   48   29   26   30   25   22   51   45   38   14   07   03   16   17   04   09   24   30   17   52   21   09   30   21   32   45
026  49   31   42   17   21   21   16   12   28   11   32   53   20   48   27   31   19   07   04   22   24   20   17   26   25   12   29   10   06   19   20   47   35
027  29   17   13   13   13   18   22   35   26   30   46   51   14   60   39   18   26   07   02   11   12   22   21   02   11   20   17   47   19   08   14   30   31
028  41   23   15   17   15   24   18   15   13   33   28   22   21   42   39   10   25   09   01   05   04   10   26   18   17   28   44   42   23   11   02   08   07
029  18   27   33   39   39   35   27   27   37   32   17   47   10   35   37   06   33   12   01   07   05   03   04   11   13   13   49   30   12   10   04   28   10
030  37   43   31   23   23   28   22   31   29   21   27   24   36   42   34   19   21   22   02   08   08   08   14   26   10   40   14   16   11   20   32   06   33
031  38   28   27   16   16   19   42   37   15   35   19   29   40   49   41   25   18   14   02   07   09   15   21   27   05   36   20   25   21   24   19   17   14
032  42   31   21   35   39   23   17   13   29   26   52   32   26   45   32   22   09   11   03   08   12   17   20   12   24   42   36   20   10   38   24   07   07
033  21   39   20   17   13   29   09   15   37   18   41   33   20   40   26   18   13   10   02   10   09   24   16   17   14   12   32   18   07   20   25   12   16
034  18   14   29   21   21   43   31   16   36   33   20   23   32   26   21   31   21   10   02   09   08   25   28   21   09   14   17   36   15   20   32   39   36
035  14   09   13   29   29   27   28   28   18   19   20   14   17   22   20   25   16   15   01   04   08   14   36   29   15   13   10   27   28   11   20   25   21
036  19   21   23   14   15   13   19   39   13   30   35   30   15   14   46   27   17   08   01   04   05   19   03   04   19   15   19   25   08   27   17   43   33
037  40   13   19   39   38   15   28   27   17   22   22   24   38   23   36   19   07   07   01   05   05   25   15   19   27   21   40   14   21   23   29   13   26
038  31   42   48   15   16   08   20   46   13   31   35   35   19   28   30   18   04   21   02   07   06   35   10   03   17   32   02   11   44   31   38   12   12
039  21   36   41   25   20   31   26   16   18   18   31   17   25   15   45   09   08   13   04   12   05   28   07   02   16   18   15   09   30   07   31   04   23
040  28   19   29   28   33   15   14   14   37   12   19   21   19   27   41   11   14   13   03   14   10   29   11   34   23   09   07   15   36   41   26   14   16
041  20   23   17   12   12   32   38   15   40   18   31   25   31   39   30   17   08   08   00   02   07   38   10   08   21   17   21   08   09   28   24   17   16
042  27   17   28   13   13   33   15   21   36   29   29   32   44   32   23   13   09   00   00   04   03   21   12   31   30   29   30   23   04   31   20   17   14
043  13   41   40   39   43   30   29   31   26   26   13   20   28   50   25   07   09   00   01   05   06   30   31   20   11   24   06   20   13   24   36   20   19
044  43   32   48   15   14   18   28   14   29   19   27   15   09   31   15   10   11   04   02   04   06   13   17   05   20   21   18   34   41   36   20   26   23
045  31   24   30   31   21   17   22   13   27   13   31   24   23   36   19   10   16   07   01   06   04   18   24   16   07   35   15   36   31   33   34   36   17
046  18   12   31   17   26   12   39   27   24   12   41   31   24   29   41   14   22   05   03   08   10   14   08   19   21   17   43   20   33   20   25   11   34
047  47   37   11   12   36   40   17   21   13   16   16   29   31   27   51   23   10   04   04   18   21   12   04   12   26   25   21   12   15   17   33   09   30
048  17   27   18   14   22   31   28   41   38   36   15   20   27   19   47   26   09   03   02   10   14   26   20   04   25   15   02   27   20   14   32   23   24
049  23   17   13   16   13   29   32   29   26   20   42   15   41   10   37   23   03   00   01   11   08   08   23   28   29   08   11   18   21   19   06   20   21
050  21   18   21   26   10   30   26   34   33   19   36   26   31   13   29   17   17   06   01   07   08   10   32   17   12   27   26   31   27   22   29   27   25
