NP-30   1990
row jan  jan  jan  feb  feb  feb  mar  mar  mar  may  jun  spt  oct  oct  oct  nov  nov  nov  dec  dec  dec
    (10) (20) (31) (10) (20) (28) (10) (20) (31) (10) (10) (20) (11) (21) (30) (10) (20) (30) (10) (20) (30)
001  75   74   70   74   73   72   76   75   80   86   15   13   16   18   20   17   17   15   20   14   27
002  45   38   40   38   46   40   40   49   54   55   54   18   22   17   20   18   18   23   20   18   28
003  20   15   32   27   28   28   28   25   27   30   33   18   19   19   12   15   13   23   21   28   16
004  15   10   14   13   13   15   14   09   11   13   19   16   21   20   21   23   22   23   28   25   20
005  39   37   44   40   39   40   41   43   37   40   43   07   11   10   09   10   09   09   10   08   09
006  14   10   12   12   13   13   10   11   08   09   14   14   23   25   35   30   38   39   38   35   40
007  26   23   21   15   21   22   22   21   26   30   27   05   12   12   18   16   15   10   10   09   17
008  27   20   26   20   28   24   27   26   26   27   30   19   30   32   41   39   40   40   43   37   31
009  21   27   19   19   20   24   25   18   21   28   36   15   38   25   42   40   41   14   41   45   43
010  30   22   30   30   31   30   33   29   35   37   36   21   21   23   35   42   37   46   37   40   43
011  11   19   10   10   09   10   09   11   08   10   13   16   20   19   13   10   12   09   09   09   10
012  48   40   41   40   41   39   39   43   37   38   45   09   17   20   19   14   16   16   15   17   20
013  44   32   43   32   34   29   36   38   35   33   41   25   31   32   32   30   30   26   32   37   25
014  20   20   15   13   14   20   15   16   15   15   30   10   18   20   21   21   22   21   28   19   31
015  36   30   37   37   40   29   40   30   36   14   29   08   11   12   09   09   08   08   07   08   12
016  44   44   35   40   43   35   46   43   54   50   60   01   15   12   10   09   08   08   08   08   15
017  26   35   22   21   21   22   23   23   23   23   27   08   10   14   16   15   17   17   15   17   25
018  44   53   45   43   43   45   47   46   45   46   51   28   38   48   49   48   47   50   44   39   54
019  23   23   24   21   21   42   22   26   19   21   26   10   20   21   29   24   22   29   25   24   30
020  32   25   35   37   37   31   41   35   38   38   32   15   18   18   20   16   15   14   14   10   17
021  11   10   10   08   09   10   09   10   08   12   11   15   18   40   43   40   38   32   33   21   35
022  16   13   12   12   12   15   16   15   12   15   16   15   20   25   38   38   36   33   32   30   38
023  25   23   21   25   21   22   25   23   22   24   25   25   33   35   39   28   30   28   25   30   39
024  28   20   21   22   21   25   25   25   29   30   40   09   13   10   09   10   09   08   10   11   10
025  39   30   31   32   36   24   37   29   39   37   40   16   17   21   18   20   20   21   24   27   25
026  33   38   37   38   35   30   37   41   45   48   45   08   14   13   15   18   19   31   27   26   24
027  41   58   34   41   41   41   38   42   38   40   40   13   16   18   17   17   18   20   25   19   25
028  52   47   50   46   50   48   48   43   49   45   42   15   20   14   14   20   15   23   25   25   30
029  50   47   47   46   47   47   47   47   52   46   56   19   18   11   19   27   21   30   30   20   36
030  15   15   15   13   11   16   16   14   11   13   16   24   18   23   25   22   29   39   37   40   40
031  14   10   10   08   09   08   08   07   07   08   05   25   34   36   35   33   35   34   31   32   38
032  31   29   30   36   31   30   33   42   46   48   53   21   30   27   30   25   30   30   35   30   35
033  26   33   30   24   30   29   30   28   29   40   49   10   15   12   13   15   12   12   10   09   13
034  49   34   40   37   39   44   46   40   42   45   56   23   28   31   27   27   25   24   22   25   23
035  27   10   22   22   22   17   24   23   21   25   30   10   11   15   12   13   14   11   11   12   11
036  21   18   17   18   17   18   18   16   20   18   20   10   17   20   18   15   18   17   28   17   19
037  12   11   10   11   12   10   10   10   07   10   14   12   17   19   20   19   22   21   20   22   38
038  58   70   57   59   58   58   59   56   58   61   65   20   25   25   26   21   26   25   26   25   31
039  48   55   45   40   45   46   45   39   44   47   50   16   12   13   13   13   12   10   10   11   11
040  31   34   32   35   36   25   38   32   35   37   42   11   13   13   14   17   15   16   15   13   29
041  51   54   57   54   55   58   54   55   61   61   61   08   13   17   14   15   15   14   18   17   17
042  21   23   29   30   28   29   28   24   27   32   33   14   18   13   16   17   15   16   15   15   18
043  34   30   27   29   31   35   27   33   30   35   34   15   20   23   24   25   25   25   20   21   28
044  47   54   48   49   50   47   50   47   49   50   20   22   30   24   26   29   24   25   18   17   30
045  22   31   24   24   23   10   25   25   28   26   30   12   17   17   18   16   18   20   27   25   23
046  27   20   22   22   22   25   25   25   25   24   32   10   14   15   17   14   17   15   14   15   21
047  21   18   21   20   20   21   21   20   27   22   30   08   14   19   15   16   16   15   16   15   16
048  21   17   26   25   25   36   31   30   39   37   50   08   16   11   16   18   16   13   13   13   12
049  41   30   32   32   34   35   36   31   44   44   54   19   20   18   21   21   21   20   20   17   27
050  26   18   25   23   26   18   30   28   26   26   28   16   18   15   17   16   16   14   13   12   12
