NP-30   1991
row jan  jan  jan  feb  feb  feb  mar
    (11) (20) (31) (10) (21) (28) (10)
001  25   26   36   24   15   14   13
002  21   25   28   20   20   18   19
003  27   25   23   21   15   17   20
004  15   20   39   25   37   39   37
005  08   10   15   13   20   17   19
006  37   36   39   37   40   38   33
007  23   25   37   20   47   35   42
008  18   21   26   31   21   28   51
009  48   50   53   49   45   47   42
010  37   30   28   40   35   37   39
011  11   12   12   10   10   11   10
012  24   27   32   18   32   35   41
013  19   31   33   31   36   37   39
014  25   28   26   25   15   20   21
015  09   10   11   10   12   11   11
016  15   17   21   10   38   26   29
017  25   30   39   24   36   40   35
018  47   54   56   53   51   53   47
019  30   32   30   28   25   32   38
020  19   21   35   15   31   38   40
021  33   40   35   27   34   35   41
022  39   38   42   36   29   40   41
023  29   25   23   38   21   28   30
024  12   14   16   11   20   17   15
025  37   30   37   30   40   40   37
026  27   28   35   37   37   35   38
027  21   23   24   25   21   22   28
028  28   35   36   22   31   35   31
029  31   22   28   17   20   23   32
030  35   38   38   36   18   40   39
031  30   32   30   35   37   41   38
032  35   41   47   35   38   45   42
033  11   12   12   12   10   10   12
034  27   25   21   26   18   19   17
035  10   11   11   11   13   11   11
036  25   23   28   20   20   25   29
037  40   42   47   37   47   45   47
038  30   30   28   22   22   20   21
039  11   11   13   13   25   16   16
040  27   30   25   34   18   21   23
041  15   19   22   19   26   18   20
042  17   17   18   15   17   19   22
043  30   32   35   30   30   43   35
044  30   38   35   33   25   34   38
045  21   22   28   27   30   30   33
046  22   17   21   19   17   18   21
047  17   15   18   17   18   18   19
048  10   09   13   15   10   12   13
049  25   31   36   37   25   36   39
050  12   14   16   13   16   15   18
